(6520,1)
(1304,49)
(20864,1)
(2608,7)
(3912,4)
(7824,1)
(1305,20)
(7825,1)
(31297,1)
(1,29010878)
(2609,5)
(5217,1)
(5218,1)
(3914,3)
(2610,12)
(29994,1)
(1306,52)
(2,193665574)
(52163,1)
(14347,1)
(7827,1)
(13043,1)
(3915,3)
(1307,26)
(2611,4)
(9131,1)
(3,1155861)
(4,8359430)
(169524,1)
(2612,8)
(3916,1)
(9132,1)
(5220,1)
(1308,57)
(9133,1)
(5221,1)
(16957,1)
(2613,8)
(3917,3)
(18261,1)
(1309,21)
(5,455578)
(2614,10)
(5222,3)
(6,2785540)
(19566,1)
(1310,58)
(3918,1)
(22174,1)
(82158,1)
(1311,23)
(6527,3)
(9135,1)
(87375,1)
(15655,1)
(18263,1)
(2615,9)
(7,263206)
(6528,2)
(3920,5)
(5224,2)
(1312,68)
(2616,5)
(8,1444710)
(7833,1)
(41737,1)
(1313,24)
(9,169664)
(2617,8)
(9137,1)
(6530,1)
(1314,49)
(2618,10)
(5226,3)
(7834,1)
(3922,3)
(10,977941)
(3923,2)
(11,120908)
(2619,7)
(1315,19)
(5227,2)
(20875,1)
(2620,9)
(1316,50)
(13052,1)
(5228,2)
(7836,1)
(3924,1)
(12,637995)
(10444,2)
(36525,1)
(13,91489)
(2621,2)
(5229,1)
(3925,1)
(9141,1)
(1317,21)
(6534,2)
(14,476673)
(5230,1)
(3926,2)
(1318,53)
(9142,1)
(46958,1)
(11750,2)
(2622,13)
(10447,1)
(15,73831)
(40439,1)
(3927,2)
(2623,2)
(5231,1)
(1319,19)
(15663,1)
(26096,1)
(16,369152)
(3928,5)
(71736,1)
(1320,65)
(5232,3)
(9144,1)
(6536,2)
(2624,12)
(1321,17)
(17,60396)
(3929,1)
(2625,5)
(2626,7)
(7842,1)
(9146,1)
(5234,1)
(20882,1)
(6538,1)
(19578,1)
(18,296190)
(3930,3)
(10450,1)
(1322,53)
(19,50909)
(2627,4)
(3931,1)
(45659,1)
(5235,1)
(6539,1)
(1323,27)
(10452,1)
(3932,2)
(20884,1)
(53484,1)
(5236,1)
(1324,43)
(20,255484)
(2628,8)
(21,44254)
(20885,1)
(1325,25)
(3933,1)
(2629,4)
(2630,9)
(7846,1)
(22,202369)
(15670,1)
(1326,46)
(5238,2)
(3934,2)
(6543,1)
(20887,1)
(1327,25)
(23,39942)
(3935,1)
(2631,3)
(10456,1)
(13064,1)
(6544,2)
(2632,15)
(1328,50)
(3936,5)
(24,173230)
(43056,1)
(5240,2)
(7849,1)
(25,35125)
(2633,6)
(22193,1)
(1329,21)
(11761,1)
(33930,1)
(1330,52)
(7850,2)
(2634,6)
(3938,3)
(5242,3)
(6546,1)
(83482,1)
(18282,1)
(26,147101)
(27,30765)
(5243,3)
(9155,1)
(1331,29)
(2635,7)
(3939,2)
(31324,1)
(28,127800)
(3940,6)
(2636,8)
(1332,50)
(6548,1)
(2637,3)
(6549,1)
(29,27002)
(3941,3)
(1333,25)
(84789,1)
(6550,4)
(7854,1)
(3942,1)
(30,114122)
(1334,52)
(2638,11)
(452518,1)
(20894,1)
(10462,1)
(2639,6)
(15679,1)
(1335,26)
(3943,3)
(31,24362)
(83488,1)
(3944,2)
(32,100036)
(1336,56)
(2640,8)
(87400,1)
(2641,2)
(22201,1)
(5249,1)
(6553,1)
(1337,24)
(33,21892)
(3945,1)
(34,89202)
(6554,1)
(10466,1)
(14378,1)
(9162,2)
(5250,1)
(18290,1)
(1338,60)
(7858,1)
(2642,5)
(3946,4)
(27419,1)
(2643,3)
(35,19880)
(1339,23)
(24811,1)
(2644,9)
(36,81624)
(1340,57)
(56108,19)
(3948,2)
(3949,1)
(10469,1)
(9165,1)
(37,18118)
(1341,18)
(2645,4)
(5253,1)
(14382,1)
(9166,1)
(5254,2)
(1342,40)
(7862,1)
(2646,7)
(56110,4)
(35246,1)
(10470,1)
(6558,1)
(3950,5)
(38,72455)
(39,17184)
(10471,1)
(2647,3)
(1343,26)
(3951,3)
(413407,1)
(20903,1)
(18295,1)
(56112,3)
(5256,3)
(1344,43)
(3952,2)
(40,67757)
(7864,2)
(2648,6)
(6560,1)
(41,15629)
(7865,1)
(3953,1)
(1345,23)
(2649,4)
(9169,2)
(5257,3)
(10474,1)
(2650,9)
(1346,50)
(42,62221)
(6562,1)
(5258,3)
(7866,1)
(3954,1)
(56114,3)
(3955,1)
(1347,25)
(2651,6)
(5259,1)
(9171,1)
(43,14606)
(2652,10)
(13084,1)
(11780,1)
(1348,46)
(9172,1)
(3956,5)
(44,57724)
(56116,1)
(3957,1)
(2653,9)
(1349,25)
(45,13630)
(1350,43)
(41774,1)
(46,52325)
(10478,2)
(20910,1)
(5262,4)
(2654,5)
(11782,1)
(47,12399)
(6567,1)
(3959,2)
(5263,1)
(10479,1)
(11783,1)
(2655,7)
(1351,24)
(5264,2)
(17000,1)
(48,48316)
(3960,4)
(10480,2)
(6568,1)
(1352,62)
(2656,7)
(1353,23)
(2657,4)
(3961,1)
(49,11632)
(10482,1)
(50,44648)
(7874,1)
(2658,12)
(1354,49)
(3962,2)
(24826,1)
(9178,1)
(2659,3)
(3963,2)
(5267,1)
(9179,1)
(1355,22)
(51,10946)
(52,41547)
(14396,1)
(2660,7)
(1356,40)
(135668,1)
(15700,1)
(6572,1)
(9180,1)
(56124,1)
(5268,1)
(3964,1)
(1357,23)
(5269,1)
(53,10110)
(11789,1)
(2661,2)
(7877,1)
(20917,1)
(3965,1)
(2662,7)
(5270,2)
(3966,1)
(7878,1)
(54,38981)
(19614,1)
(48302,1)
(9182,2)
(1358,44)
(3967,4)
(15703,1)
(6575,2)
(55,9539)
(2663,2)
(1359,21)
(56,36953)
(31352,1)
(2664,7)
(3968,6)
(5272,1)
(1360,48)
(2665,7)
(3969,3)
(5273,1)
(57,8989)
(1361,24)
(11793,1)
(2666,4)
(3970,3)
(10490,1)
(1362,45)
(17010,1)
(6578,2)
(7882,3)
(58,35074)
(5274,3)
(9186,1)
(1363,18)
(59,8619)
(9187,1)
(2667,4)
(3971,2)
(20923,2)
(6579,1)
(10492,2)
(2668,7)
(1364,42)
(60,32735)
(3972,2)
(61,8287)
(2669,2)
(7885,1)
(48309,1)
(3973,1)
(76997,1)
(1365,28)
(2670,4)
(6582,1)
(62,30550)
(1366,50)
(27446,1)
(13102,2)
(3974,4)
(7887,1)
(3975,2)
(1367,37)
(63,7763)
(2671,4)
(5279,1)
(26144,1)
(5280,1)
(3976,1)
(56136,1)
(64,28960)
(2672,8)
(9192,1)
(1368,46)
(6584,1)
(3977,2)
(65,7273)
(1369,25)
(2673,6)
(66,27765)
(3978,1)
(5282,3)
(2674,13)
(9194,1)
(13106,1)
(1370,29)
(2675,5)
(18323,1)
(7891,1)
(1371,20)
(35275,1)
(3979,4)
(67,6971)
(6587,2)
(1372,46)
(2676,10)
(3980,1)
(5284,3)
(68,25898)
(1373,23)
(2677,2)
(10501,1)
(69,6774)
(35277,1)
(3981,1)
(2678,10)
(6590,1)
(24846,1)
(5286,2)
(1374,58)
(70,24650)
(7894,1)
(15718,1)
(14415,1)
(71,6366)
(10503,1)
(1375,25)
(5287,1)
(3983,1)
(2679,3)
(27456,1)
(3984,5)
(1376,49)
(2680,6)
(71792,1)
(72,23071)
(3985,1)
(73,6159)
(2681,2)
(1377,26)
(414746,1)
(2682,6)
(9202,1)
(90050,1)
(19634,1)
(1378,49)
(6594,1)
(74,22024)
(7898,3)
(3986,1)
(3987,2)
(1379,24)
(2683,5)
(10507,1)
(75,6155)
(18331,1)
(193067,1)
(5291,1)
(2684,12)
(76,20904)
(3988,1)
(10508,2)
(5292,1)
(1380,53)
(6596,1)
(7900,2)
(3989,2)
(6597,1)
(77,5682)
(31373,1)
(14421,1)
(1381,18)
(26157,1)
(2685,4)
(5294,2)
(6598,1)
(23550,1)
(3990,3)
(1382,45)
(2686,7)
(78,19701)
(2687,4)
(77015,1)
(79,5461)
(1383,23)
(5295,2)
(3991,4)
(1384,42)
(2688,6)
(9208,1)
(80,19195)
(3992,1)
(10512,1)
(14424,1)
(5296,1)
(81,5176)
(1385,21)
(9209,1)
(3993,1)
(30073,1)
(2689,3)
(5297,1)
(17034,1)
(9210,1)
(82,18315)
(2690,7)
(6602,1)
(7906,1)
(5298,2)
(53546,1)
(1386,44)
(3994,1)
(3995,5)
(30075,1)
(1387,21)
(6603,1)
(83,5006)
(2691,3)
(10515,1)
(11819,1)
(84,17073)
(1388,44)
(6604,1)
(9212,3)
(26164,1)
(7908,2)
(3996,4)
(10516,2)
(2692,7)
(5300,1)
(14428,1)
(2693,2)
(3997,1)
(23557,1)
(85,4730)
(1389,20)
(3998,3)
(36598,1)
(1390,47)
(5302,1)
(2694,5)
(86,16589)
(6606,2)
(2695,4)
(1391,28)
(87,4640)
(7912,1)
(11824,2)
(2696,8)
(53552,1)
(27472,1)
(88,15537)
(4000,1)
(1392,44)
(6608,2)
(7913,1)
(9217,1)
(28777,1)
(5305,2)
(2697,3)
(126577,1)
(4001,1)
(6609,1)
(89,4429)
(1393,16)
(1394,43)
(22258,1)
(90,14946)
(5306,1)
(2698,3)
(7914,2)
(2699,2)
(4003,2)
(19651,1)
(6611,2)
(9219,1)
(44427,1)
(1395,23)
(414763,1)
(11827,1)
(5307,1)
(91,4276)
(5308,3)
(7916,1)
(20956,1)
(2700,6)
(92,14178)
(9220,1)
(11828,1)
(4004,2)
(1396,50)
(5309,1)
(2701,4)
(93,4022)
(361301,1)
(4005,1)
(1397,20)
(87462,1)
(14438,1)
(2702,10)
(4006,5)
(1398,56)
(94,13389)
(4007,3)
(9223,1)
(95,3849)
(1399,26)
(2703,3)
(9224,1)
(96,13445)
(17048,1)
(4008,3)
(1400,37)
(2704,4)
(6616,1)
(10528,2)
(7920,1)
(5313,1)
(6617,1)
(2705,6)
(97,3871)
(87465,1)
(9225,1)
(4009,1)
(14441,1)
(1401,26)
(4010,2)
(5314,2)
(98,12508)
(1402,45)
(11834,2)
(6618,5)
(2706,4)
(19659,1)
(9227,1)
(28787,1)
(1403,31)
(20963,1)
(5315,2)
(7923,1)
(11835,1)
(4011,2)
(99,3584)
(100,12348)
(17052,1)
(1404,37)
(4012,1)
(2708,5)
(101,3659)
(11837,1)
(2709,5)
(9229,1)
(19661,1)
(5317,1)
(1405,25)
(2710,4)
(65302,1)
(4014,6)
(7926,1)
(1406,48)
(102,11429)
(10534,2)
(18358,1)
(1407,21)
(2711,5)
(66607,1)
(6623,1)
(103,3353)
(4016,1)
(77040,1)
(9232,1)
(104,11058)
(10536,1)
(1408,42)
(5320,1)
(2712,9)
(4017,3)
(105,3430)
(6625,1)
(1409,25)
(2713,4)
(77041,1)
(11841,1)
(4018,4)
(1410,39)
(7930,1)
(20970,1)
(17058,1)
(56178,1)
(18362,1)
(106,10566)
(6626,1)
(2714,8)
(10539,1)
(6627,2)
(107,3314)
(1411,24)
(9235,2)
(4019,1)
(65307,1)
(2715,6)
(4020,2)
(2716,7)
(1412,48)
(6628,1)
(5324,1)
(108,10378)
(7933,1)
(1413,24)
(41837,1)
(4021,3)
(10541,1)
(2717,5)
(109,3090)
(5326,4)
(14454,1)
(4022,4)
(110,9892)
(1414,43)
(48358,1)
(2718,7)
(9239,1)
(2719,2)
(1415,25)
(111,3068)
(4023,2)
(35319,1)
(5327,4)
(2720,7)
(112,9799)
(4024,2)
(6632,3)
(1416,39)
(77049,1)
(2721,3)
(113,2855)
(5329,1)
(1417,21)
(5330,3)
(7938,1)
(1418,43)
(2722,8)
(6634,2)
(114,9162)
(4026,6)
(10546,1)
(1419,30)
(115,2942)
(5331,3)
(10547,1)
(4027,1)
(18372,2)
(2724,6)
(116,8899)
(4028,5)
(1420,36)
(5332,1)
(4029,1)
(2725,3)
(1421,28)
(117,2785)
(5333,1)
(17069,1)
(2726,10)
(5334,1)
(1422,45)
(118,8575)
(4030,3)
(119,2777)
(1423,18)
(5335,1)
(24895,1)
(3201439,1)
(2727,5)
(6639,1)
(4031,1)
(120,8859)
(2728,7)
(11856,1)
(1424,37)
(6640,1)
(4032,6)
(4033,1)
(6641,1)
(14465,1)
(20985,1)
(121,2574)
(7945,1)
(1425,12)
(2729,5)
(122,8282)
(2730,5)
(1426,49)
(5338,1)
(17074,1)
(28810,1)
(9250,2)
(4034,3)
(6642,1)
(40546,1)
(346986,1)
(7946,1)
(2731,6)
(4035,3)
(6643,2)
(5339,1)
(1427,19)
(10555,1)
(123,2570)
(2732,4)
(4036,6)
(23596,1)
(1428,39)
(124,7983)
(71844,1)
(9252,1)
(2733,5)
(125,2557)
(1429,22)
(6645,1)
(2734,7)
(4038,4)
(5342,2)
(6646,1)
(126,7676)
(1430,49)
(14470,1)
(10559,1)
(127,2394)
(18383,1)
(1431,22)
(2735,4)
(4039,1)
(1432,46)
(128,7582)
(2736,7)
(10560,1)
(5344,2)
(4040,3)
(19688,1)
(6649,2)
(1433,24)
(2737,4)
(9257,1)
(129,2438)
(1434,37)
(130,7514)
(6650,2)
(4042,3)
(2738,4)
(5346,3)
(9258,1)
(131,2269)
(2739,3)
(7955,2)
(1435,19)
(4043,1)
(6652,1)
(2740,5)
(4044,3)
(86196,1)
(139660,1)
(5348,1)
(1436,48)
(9260,1)
(132,7085)
(20996,1)
(11868,1)
(7956,1)
(2741,4)
(26213,1)
(133,2258)
(1437,17)
(2742,11)
(134,6917)
(4046,2)
(18390,1)
(17086,1)
(7958,1)
(20998,1)
(9262,1)
(32734,1)
(1438,40)
(77070,1)
(2743,7)
(54903,1)
(4047,1)
(135,2220)
(7959,2)
(1439,19)
(14480,1)
(2744,7)
(5352,1)
(1440,47)
(6656,1)
(4048,1)
(7960,2)
(136,6656)
(10568,1)
(17088,1)
(137,2131)
(7961,1)
(13177,1)
(4049,1)
(2745,4)
(1441,19)
(19697,1)
(9266,1)
(138,6627)
(14482,1)
(4050,2)
(1442,44)
(2746,8)
(18394,1)
(6658,1)
(139,2108)
(1443,30)
(7963,1)
(5355,1)
(87507,1)
(2747,2)
(6659,2)
(2748,5)
(1444,36)
(173572,1)
(7964,1)
(140,6540)
(4052,2)
(9268,2)
(1445,21)
(141,2094)
(2749,3)
(87509,1)
(4054,1)
(142,6176)
(5358,1)
(7966,4)
(1446,30)
(2750,11)
(1447,25)
(2751,3)
(143,2079)
(7967,1)
(4056,1)
(5360,1)
(1448,44)
(2752,6)
(23616,1)
(11880,1)
(144,6029)
(43176,1)
(2753,1)
(1449,25)
(4057,2)
(9273,1)
(145,1938)
(22314,1)
(146,7077)
(6666,1)
(10578,2)
(14490,1)
(4058,1)
(1450,31)
(2754,7)
(1451,24)
(2755,7)
(413515,1)
(5363,2)
(6667,2)
(4059,2)
(147,1942)
(1452,39)
(2756,6)
(31444,1)
(4060,2)
(22316,1)
(13188,1)
(148,5491)
(2757,7)
(149,2014)
(1453,13)
(5365,1)
(6669,1)
(4061,2)
(9278,1)
(150,5766)
(7974,1)
(1454,42)
(6670,2)
(2758,8)
(4062,6)
(151,1868)
(2759,3)
(1455,29)
(6671,1)
(4063,1)
(7975,1)
(181408,1)
(14496,1)
(6672,1)
(152,5394)
(1456,49)
(11888,1)
(2760,9)
(43184,1)
(4064,4)
(7977,1)
(153,1769)
(4065,2)
(15801,1)
(1457,30)
(2761,5)
(15802,1)
(4066,1)
(1458,41)
(9282,1)
(154,5289)
(2762,8)
(28842,1)
(22323,1)
(5371,1)
(1459,27)
(4067,1)
(31451,1)
(10587,1)
(2763,5)
(155,1731)
(156,5187)
(9284,1)
(1460,54)
(30148,1)
(13196,1)
(5372,3)
(4068,5)
(2764,7)
(6676,1)
(1461,28)
(5373,4)
(157,1743)
(2765,2)
(4069,2)
(7981,1)
(9286,1)
(158,5164)
(2766,7)
(4070,5)
(58838,1)
(5374,1)
(6678,2)
(1462,36)
(159,1723)
(1463,20)
(4071,1)
(2767,2)
(11895,1)
(160,5067)
(2768,12)
(1464,28)
(4072,2)
(9288,1)
(15808,1)
(161,1622)
(1465,11)
(2769,5)
(10594,1)
(2770,10)
(30154,1)
(5378,3)
(1466,30)
(6682,1)
(162,4820)
(39282,1)
(40587,1)
(4075,1)
(1467,17)
(7987,1)
(6683,1)
(163,1650)
(2771,4)
(1468,32)
(4076,2)
(164,4646)
(2772,6)
(6684,1)
(14509,1)
(30157,1)
(19725,1)
(5381,2)
(1469,22)
(2773,5)
(165,1609)
(4077,2)
(1470,40)
(2774,6)
(166,4550)
(11902,1)
(6687,1)
(1471,14)
(5383,1)
(2775,4)
(167,1517)
(4080,3)
(2776,4)
(5384,2)
(1472,38)
(168,4464)
(169,1468)
(30161,1)
(1473,19)
(4081,1)
(18425,1)
(2777,5)
(2778,10)
(18426,1)
(170,4316)
(40594,1)
(1474,52)
(4082,2)
(6690,2)
(414842,1)
(11906,1)
(4083,1)
(2779,4)
(171,1461)
(1475,18)
(11907,1)
(5388,2)
(4084,5)
(1476,35)
(2780,8)
(172,4294)
(2781,4)
(1477,23)
(10605,1)
(173,1455)
(5390,6)
(2782,6)
(1478,27)
(54942,1)
(6694,1)
(4086,3)
(174,4109)
(87543,1)
(175,1472)
(10607,1)
(1479,24)
(2783,1)
(4087,3)
(9304,1)
(1480,46)
(2784,8)
(4088,2)
(5392,1)
(176,4083)
(13217,1)
(5393,1)
(45817,1)
(1481,22)
(4089,1)
(2785,2)
(9305,1)
(177,1492)
(19738,1)
(5394,2)
(1482,48)
(9306,2)
(14522,2)
(2786,11)
(32778,1)
(4090,2)
(178,4041)
(4091,1)
(5395,1)
(179,1437)
(1483,17)
(2787,6)
(180,3920)
(1484,27)
(17132,1)
(44516,1)
(4092,1)
(5396,1)
(2788,5)
(32780,1)
(4093,2)
(2789,2)
(1485,19)
(181,1376)
(10613,1)
(9309,1)
(2790,7)
(1486,53)
(182,3888)
(9310,1)
(4094,6)
(6702,1)
(107111,1)
(8007,1)
(95375,1)
(183,1313)
(2791,5)
(1487,16)
(184,3656)
(14528,1)
(6704,2)
(4096,1)
(1488,50)
(8008,2)
(2792,5)
(2793,3)
(1489,17)
(22353,1)
(185,1319)
(8009,1)
(4097,1)
(4098,5)
(1490,40)
(2794,7)
(186,3674)
(6706,1)
(187,1238)
(4099,2)
(11923,1)
(1491,18)
(2795,6)
(5403,1)
(8011,1)
(2796,4)
(23660,1)
(19748,1)
(188,3613)
(1492,39)
(6708,1)
(4100,1)
(5404,1)
(189,1242)
(2797,6)
(8013,1)
(1493,20)
(23661,1)
(9318,1)
(5406,1)
(1494,32)
(190,3527)
(2798,8)
(2799,22)
(4103,1)
(36703,1)
(191,1250)
(5407,3)
(9319,1)
(1495,11)
(6711,1)
(8016,1)
(23664,2)
(4104,2)
(86256,1)
(1496,38)
(5408,4)
(2800,4)
(6712,1)
(192,3780)
(5409,1)
(193,1195)
(1497,25)
(2801,1)
(4105,1)
(5410,2)
(22362,1)
(194,3406)
(4106,5)
(2802,4)
(1498,34)
(19755,1)
(8019,1)
(2803,1)
(195,1194)
(1499,25)
(2804,9)
(1500,41)
(8020,2)
(196,3262)
(2805,3)
(1501,22)
(9325,1)
(5413,1)
(4109,4)
(197,1238)
(2806,11)
(8022,1)
(4110,4)
(198,3250)
(1502,44)
(9326,1)
(1503,23)
(2807,3)
(18455,1)
(4111,1)
(199,1205)
(5416,1)
(9328,1)
(10632,1)
(8024,1)
(200,3580)
(2808,10)
(4112,1)
(19760,1)
(6720,1)
(1504,30)
(4113,2)
(5417,1)
(1505,9)
(2809,5)
(201,1207)
(4114,3)
(1506,27)
(6722,1)
(21066,1)
(9330,1)
(202,3158)
(2810,4)
(10635,1)
(8027,1)
(2811,2)
(1507,21)
(4115,1)
(203,1184)
(5420,1)
(10636,1)
(8028,2)
(1508,47)
(4116,3)
(204,3113)
(17156,1)
(2812,7)
(6724,1)
(2813,8)
(205,1091)
(10637,1)
(1509,23)
(4118,3)
(1510,43)
(2814,7)
(10638,1)
(206,2887)
(9334,1)
(9335,1)
(207,1095)
(2815,4)
(1511,23)
(2816,3)
(6728,2)
(208,2938)
(1512,42)
(5424,1)
(4120,3)
(14553,1)
(1513,20)
(4121,4)
(2817,3)
(209,1073)
(2818,8)
(5426,1)
(1514,33)
(15858,1)
(13250,1)
(6730,1)
(4122,3)
(22378,1)
(210,2934)
(65410,1)
(64107,1)
(1515,18)
(5427,1)
(2819,6)
(211,1099)
(1516,33)
(4124,3)
(17164,1)
(212,2753)
(6732,2)
(2820,2)
(5428,2)
(2821,3)
(213,999)
(5429,1)
(1517,11)
(9342,1)
(1518,39)
(8038,1)
(214,2659)
(4126,4)
(2822,9)
(6734,1)
(9343,1)
(2823,4)
(1519,22)
(4127,3)
(87583,1)
(5431,2)
(215,964)
(17167,2)
(6735,1)
(1520,33)
(8040,1)
(216,2729)
(2824,4)
(6736,1)
(9344,2)
(5432,1)
(18472,1)
(4128,5)
(27601,1)
(217,974)
(6737,1)
(4129,3)
(2825,7)
(5433,1)
(1521,21)
(8041,1)
(2826,7)
(8042,2)
(1522,37)
(4130,2)
(14562,1)
(218,2652)
(8043,1)
(1523,29)
(2827,4)
(219,1026)
(5435,1)
(4131,1)
(5436,2)
(2828,6)
(9348,1)
(24996,1)
(1524,34)
(4132,2)
(220,2525)
(13260,1)
(10652,1)
(8044,1)
(6740,2)
(10653,1)
(6741,2)
(1525,12)
(5437,1)
(2829,5)
(221,903)
(24997,1)
(4133,2)
(9350,2)
(222,2447)
(2830,6)
(1526,44)
(5438,3)
(5439,2)
(1527,18)
(2831,3)
(223,941)
(224,2502)
(2832,5)
(1528,38)
(5440,1)
(6744,1)
(4136,1)
(1529,17)
(4137,2)
(9353,1)
(2833,2)
(5441,1)
(6745,1)
(225,865)
(4138,3)
(2834,1)
(9354,1)
(226,2458)
(1530,35)
(14570,1)
(227,856)
(2835,5)
(5443,1)
(1531,12)
(4139,3)
(1532,28)
(11964,1)
(6748,2)
(4140,2)
(14572,1)
(2836,8)
(8052,2)
(70644,1)
(228,2398)
(229,872)
(1533,10)
(2837,5)
(5445,1)
(4141,2)
(230,2366)
(1534,43)
(8054,2)
(4142,3)
(2838,5)
(9358,1)
(5447,1)
(231,938)
(6751,1)
(4143,1)
(2839,6)
(1535,25)
(8055,1)
(232,2227)
(1536,29)
(2840,7)
(4144,2)
(9360,1)
(4145,1)
(40657,1)
(233,871)
(13273,1)
(2841,6)
(1537,12)
(6754,1)
(1538,33)
(5450,1)
(234,2286)
(4146,1)
(2842,3)
(8059,1)
(6755,3)
(4147,1)
(235,878)
(1539,12)
(2843,4)
(4148,2)
(30228,1)
(2844,7)
(1540,33)
(22404,1)
(6756,1)
(5452,1)
(8060,1)
(236,2248)
(11972,1)
(18493,1)
(82389,1)
(237,894)
(1541,20)
(1542,25)
(4150,2)
(8062,2)
(5454,1)
(15886,1)
(238,2135)
(2846,6)
(4151,2)
(2847,3)
(1543,23)
(25015,1)
(239,825)
(8064,1)
(240,2139)
(9368,1)
(4152,2)
(2848,9)
(1544,31)
(5456,1)
(1545,18)
(4153,3)
(2849,1)
(5457,1)
(241,752)
(413609,1)
(1546,30)
(5458,2)
(21106,1)
(25018,1)
(26322,1)
(4154,2)
(242,2111)
(6762,2)
(2850,14)
(87610,1)
(1547,23)
(243,809)
(8067,1)
(4155,1)
(17196,1)
(4156,3)
(2852,10)
(1548,36)
(15892,1)
(6764,1)
(244,2119)
(8068,1)
(2853,3)
(6765,1)
(245,868)
(4157,1)
(5461,1)
(1549,26)
(5462,2)
(65446,1)
(246,2039)
(10678,1)
(4158,4)
(1550,34)
(2854,6)
(6766,1)
(5463,1)
(1551,15)
(2855,4)
(247,780)
(5464,1)
(45888,1)
(9376,1)
(8072,1)
(1552,35)
(4160,4)
(248,2023)
(2856,6)
(6768,1)
(2857,4)
(47193,1)
(249,736)
(15897,1)
(1553,13)
(36762,1)
(26330,1)
(1554,44)
(2858,9)
(4162,1)
(250,2053)
(5466,1)
(6770,1)
(9379,1)
(5467,1)
(2859,2)
(4163,1)
(1555,18)
(251,749)
(6771,1)
(5468,2)
(27636,1)
(1556,36)
(9380,2)
(2860,8)
(252,1856)
(2861,6)
(253,796)
(1557,19)
(5469,1)
(9381,1)
(4165,1)
(254,1905)
(2862,6)
(4166,4)
(1558,27)
(14598,1)
(6774,1)
(5470,4)
(10686,1)
(8078,2)
(2863,3)
(17207,1)
(255,791)
(15903,1)
(38071,1)
(1559,19)
(4167,1)
(8080,2)
(6776,1)
(2864,2)
(9384,1)
(26336,1)
(256,1901)
(5472,1)
(1560,35)
(6777,2)
(257,749)
(2865,4)
(1561,20)
(6778,1)
(13298,1)
(4170,3)
(5474,5)
(2866,3)
(258,1845)
(8082,1)
(14602,1)
(1562,37)
(6779,1)
(14603,1)
(4171,1)
(1563,17)
(259,751)
(2867,4)
(4172,1)
(260,1797)
(2868,3)
(1564,33)
(8084,2)
(9388,1)
(6780,1)
(682253,1)
(4173,1)
(261,704)
(1565,12)
(2869,5)
(8085,1)
(10693,1)
(60245,1)
(6782,1)
(9390,1)
(2870,6)
(8086,1)
(1566,38)
(262,1783)
(4174,1)
(21126,1)
(11999,1)
(263,672)
(2871,6)
(44599,1)
(4175,4)
(1567,22)
(4176,1)
(14608,1)
(5480,3)
(264,1798)
(2872,7)
(1568,25)
(9392,2)
(8088,2)
(4177,3)
(265,663)
(5481,2)
(9393,1)
(2873,2)
(8089,1)
(1569,19)
(19825,1)
(9394,1)
(12002,1)
(22434,1)
(266,1696)
(1570,23)
(2874,2)
(4178,3)
(5483,1)
(267,692)
(1571,19)
(31563,1)
(2875,8)
(9395,1)
(15915,1)
(4179,3)
(1572,38)
(5484,2)
(124148,1)
(4180,4)
(268,1730)
(2876,7)
(14613,1)
(4181,1)
(9397,1)
(1573,19)
(2877,2)
(5485,2)
(269,708)
(2878,2)
(9398,1)
(6790,2)
(4182,4)
(10702,1)
(270,1660)
(5486,1)
(1574,23)
(21134,1)
(122846,1)
(1575,17)
(2879,6)
(6791,1)
(8095,1)
(271,691)
(4183,2)
(28960,1)
(1576,40)
(272,1659)
(2880,5)
(10704,1)
(4184,4)
(4185,1)
(2881,1)
(1577,13)
(8097,1)
(6793,1)
(273,671)
(4186,2)
(13314,1)
(2882,5)
(1578,29)
(274,1666)
(1579,14)
(275,633)
(2883,4)
(30267,1)
(1580,28)
(8100,1)
(6796,2)
(276,1668)
(23748,1)
(4188,2)
(5492,1)
(2884,9)
(26357,1)
(277,643)
(14621,1)
(413645,1)
(35485,1)
(2885,1)
(9405,1)
(1581,16)
(8101,1)
(5493,1)
(8102,1)
(2886,5)
(278,1595)
(1582,33)
(18534,1)
(4190,2)
(2887,3)
(4191,4)
(1583,20)
(279,639)
(8103,1)
(5495,1)
(5496,1)
(280,1604)
(19840,1)
(8104,1)
(1584,46)
(15928,1)
(6800,1)
(4192,1)
(10712,2)
(2888,10)
(4193,2)
(281,651)
(2889,4)
(1585,14)
(15930,1)
(2890,6)
(4194,1)
(17234,99)
(1586,38)
(282,1605)
(283,641)
(9411,1)
(1587,24)
(6803,1)
(2891,4)
(5500,1)
(4196,3)
(17236,2)
(9412,1)
(284,1479)
(8108,2)
(2892,8)
(1588,29)
(2893,2)
(17237,1)
(13325,1)
(1589,13)
(4197,1)
(285,596)
(9413,1)
(27669,1)
(4198,3)
(12022,1)
(2894,3)
(524494,1)
(286,1443)
(1590,31)
(4199,1)
(9415,1)
(1591,11)
(2895,3)
(287,612)
(2896,3)
(100696,1)
(1592,36)
(52448,1)
(8112,1)
(288,1489)
(4200,2)
(289,593)
(22457,1)
(12025,1)
(2897,2)
(8113,3)
(6809,1)
(1593,22)
(5505,1)
(5506,2)
(10722,1)
(47234,1)
(290,1451)
(1594,34)
(62882,1)
(2898,7)
(4202,1)
(8115,1)
(1595,14)
(2899,4)
(291,592)
(5507,1)
(74619,1)
(1596,31)
(2900,6)
(4204,2)
(292,1455)
(6812,1)
(5508,1)
(9421,1)
(8117,1)
(4205,2)
(293,581)
(1597,20)
(5509,2)
(6813,1)
(2901,1)
(4206,2)
(1598,33)
(15942,1)
(294,1463)
(2902,7)
(8118,1)
(5510,2)
(413662,1)
(1599,15)
(53759,1)
(2903,4)
(295,609)
(5511,1)
(296,1432)
(2904,3)
(9424,1)
(8120,1)
(6816,2)
(1600,29)
(19856,1)
(4208,3)
(297,559)
(73321,1)
(4209,2)
(8121,1)
(14641,1)
(1601,25)
(2906,3)
(4210,2)
(18554,1)
(298,1335)
(9426,2)
(5514,1)
(1602,24)
(10730,2)
(6819,2)
(360203,1)
(1603,16)
(5515,1)
(2907,5)
(299,618)
(9428,1)
(17252,1)
(2908,4)
(300,1390)
(5516,1)
(4212,5)
(1604,30)
(6820,1)
(301,575)
(1605,8)
(2909,7)
(4213,2)
(2910,7)
(22470,1)
(12038,1)
(302,1389)
(1606,33)
(9430,2)
(13342,1)
(6822,2)
(8127,1)
(303,576)
(5519,1)
(4215,2)
(1607,19)
(1608,38)
(4216,3)
(10736,1)
(19864,1)
(14648,1)
(304,1340)
(2912,11)
(5520,2)
(1609,24)
(12041,1)
(305,513)
(2913,4)
(6826,1)
(1610,25)
(2914,5)
(5522,1)
(4218,2)
(306,1305)
(4219,2)
(307,551)
(1611,17)
(2915,2)
(8131,1)
(5523,1)
(2916,8)
(1612,26)
(8132,2)
(17260,1)
(6828,1)
(308,1292)
(36821,1)
(57685,1)
(5525,1)
(2917,3)
(1613,11)
(12045,1)
(14653,1)
(309,488)
(2918,6)
(9438,2)
(4222,1)
(310,1278)
(1614,31)
(5526,2)
(26390,1)
(6830,1)
(18567,1)
(4223,1)
(311,525)
(15959,1)
(1615,17)
(6831,1)
(2919,5)
(5527,1)
(8135,1)
(312,1242)
(2920,5)
(165920,1)
(1616,41)
(4224,4)
(5529,2)
(9441,1)
(313,447)
(1617,14)
(4225,1)
(2921,3)
(1618,33)
(4226,6)
(2922,4)
(5530,1)
(8138,1)
(314,1265)
(6834,1)
(70731,1)
(4227,1)
(1619,11)
(2923,4)
(6835,1)
(18571,1)
(315,494)
(6836,1)
(10748,1)
(2924,11)
(4228,7)
(18572,1)
(414988,1)
(1620,28)
(316,1214)
(1621,9)
(2925,5)
(317,507)
(4229,3)
(15965,1)
(1622,33)
(5534,1)
(4230,1)
(10750,1)
(62910,1)
(6838,1)
(2926,7)
(32918,1)
(318,1186)
(9446,1)
(39438,1)
(12054,1)
(319,452)
(1623,12)
(8143,1)
(2927,2)
(4231,1)
(2928,3)
(320,1186)
(6840,5)
(10752,1)
(4232,2)
(1624,25)
(8144,1)
(321,526)
(1625,22)
(6841,1)
(5537,1)
(4233,3)
(8145,1)
(15969,1)
(2929,9)
(8146,2)
(4234,5)
(1626,18)
(2930,5)
(322,1186)
(25099,1)
(323,515)
(8147,1)
(1627,12)
(5539,1)
(6843,1)
(21187,2)
(2931,2)
(12060,2)
(6844,1)
(8148,1)
(10756,1)
(324,1155)
(4236,4)
(22492,1)
(1628,29)
(5540,1)
(2932,3)
(325,445)
(5541,1)
(2933,2)
(1629,17)
(30317,1)
(4237,3)
(326,1110)
(1630,33)
(2934,3)
(29014,1)
(5542,1)
(8150,1)
(327,463)
(2935,2)
(1631,16)
(5543,3)
(9455,1)
(2936,6)
(1632,39)
(6848,1)
(36840,1)
(328,1092)
(4240,4)
(329,472)
(1633,15)
(8153,1)
(4241,1)
(2937,1)
(1634,31)
(4242,4)
(13370,1)
(2938,6)
(6850,1)
(330,1126)
(4243,1)
(331,474)
(1635,11)
(74659,1)
(2939,2)
(9459,1)
(15979,1)
(6852,1)
(332,1166)
(10764,1)
(17284,1)
(21196,1)
(8156,1)
(1636,29)
(2940,4)
(15980,1)
(4244,1)
(333,450)
(22501,1)
(4245,1)
(8157,1)
(1637,14)
(5549,2)
(10766,1)
(2942,4)
(1638,25)
(334,1091)
(4246,2)
(2943,2)
(1639,16)
(335,493)
(4248,1)
(77272,1)
(5552,1)
(336,1129)
(1640,23)
(2944,7)
(12072,1)
(9464,1)
(337,480)
(1641,21)
(2945,3)
(5553,3)
(40761,1)
(338,1063)
(6858,2)
(4250,1)
(2946,6)
(1642,32)
(5554,1)
(26418,1)
(2947,2)
(5555,1)
(1643,18)
(339,464)
(340,1032)
(8164,2)
(4252,6)
(22508,1)
(15988,1)
(9468,1)
(12076,1)
(1644,29)
(2948,7)
(29029,1)
(4253,2)
(5557,1)
(1645,14)
(341,445)
(2949,7)
(1646,30)
(5558,1)
(2950,7)
(27726,1)
(75974,1)
(342,1018)
(4254,1)
(18598,1)
(343,429)
(1647,13)
(135959,1)
(9472,1)
(2952,7)
(15992,1)
(344,1036)
(199856,1)
(27728,1)
(8168,1)
(4256,1)
(1648,24)
(2953,1)
(1649,16)
(6865,1)
(345,397)
(14689,1)
(5561,2)
(4258,1)
(346,1099)
(2954,7)
(1650,43)
(5562,3)
(5563,2)
(347,400)
(1651,15)
(4259,1)
(2955,2)
(15996,1)
(10780,1)
(5564,2)
(6868,1)
(1652,38)
(2956,10)
(4260,2)
(348,1037)
(349,428)
(2957,3)
(4261,2)
(1653,13)
(47294,1)
(350,988)
(2958,5)
(5566,2)
(1654,39)
(15998,1)
(8174,1)
(4262,1)
(29039,1)
(2959,5)
(351,424)
(117711,1)
(1655,11)
(2960,3)
(1656,27)
(9480,1)
(5568,2)
(4264,3)
(352,976)
(16000,1)
(8177,1)
(2961,2)
(1657,15)
(4265,2)
(353,435)
(5569,3)
(18609,1)
(47298,1)
(9482,1)
(29042,1)
(39474,1)
(4266,1)
(13394,1)
(354,963)
(6874,1)
(2962,9)
(1658,24)
(5570,2)
(355,430)
(1659,15)
(2963,2)
(6876,1)
(10788,1)
(1660,30)
(8180,1)
(5572,1)
(14700,1)
(21220,1)
(4268,1)
(356,1039)
(2964,7)
(2965,3)
(1661,16)
(5573,1)
(357,402)
(1662,30)
(4270,2)
(358,963)
(2966,3)
(6878,1)
(29047,1)
(10791,1)
(359,435)
(6879,2)
(30351,1)
(8183,1)
(1663,9)
(5575,1)
(2967,4)
(2968,5)
(4272,3)
(30352,1)
(6880,2)
(9488,1)
(5576,3)
(1664,34)
(360,1020)
(2969,2)
(1665,13)
(5577,1)
(361,404)
(4273,3)
(8185,1)
(6882,1)
(1666,24)
(362,926)
(2970,4)
(8186,1)
(32963,1)
(1667,9)
(9491,1)
(10795,2)
(5579,1)
(2971,3)
(363,402)
(1668,28)
(12100,1)
(2972,7)
(364,953)
(13404,1)
(6884,1)
(4276,2)
(1669,16)
(2973,3)
(8189,1)
(4277,3)
(365,394)
(9493,1)
(1670,28)
(366,894)
(2974,3)
(4278,4)
(6886,2)
(367,416)
(4279,1)
(2975,3)
(12103,2)
(1671,11)
(48616,6)
(2976,3)
(5584,3)
(8192,1)
(368,954)
(1672,45)
(4280,3)
(13408,1)
(369,356)
(1673,18)
(17321,1)
(4281,1)
(25145,1)
(2977,12)
(5586,1)
(18626,1)
(48618,2)
(370,896)
(4282,2)
(415042,1)
(12106,1)
(1674,25)
(6890,1)
(8194,1)
(2978,5)
(78611,1)
(1675,16)
(371,379)
(2979,3)
(4283,1)
(5587,2)
(8195,1)
(1676,26)
(9500,1)
(8196,1)
(5588,1)
(6892,2)
(2980,3)
(13412,1)
(501108,1)
(48620,1)
(372,888)
(4284,1)
(373,372)
(2981,3)
(13413,1)
(1677,13)
(1678,27)
(5590,2)
(18630,1)
(374,849)
(4286,4)
(2982,4)
(6894,2)
(19934,1)
(4287,3)
(5591,1)
(19935,1)
(375,389)
(10807,1)
(2983,4)
(1679,12)
(2984,8)
(9504,2)
(376,918)
(1680,23)
(5592,3)
(4288,3)
(6896,1)
(2985,5)
(1681,17)
(377,394)
(2986,7)
(23850,1)
(9506,1)
(5594,2)
(4290,2)
(1682,33)
(378,870)
(2987,4)
(379,361)
(1683,15)
(23852,1)
(5596,2)
(4292,4)
(26460,1)
(8204,4)
(380,881)
(2988,5)
(1684,30)
(16028,1)
(381,321)
(4293,1)
(2989,5)
(1685,15)
(31677,1)
(5597,1)
(4294,1)
(2990,4)
(6902,1)
(1686,38)
(8206,1)
(382,855)
(1687,14)
(383,346)
(12119,1)
(2991,4)
(4296,1)
(5600,1)
(32984,1)
(1688,24)
(13424,1)
(9512,2)
(2992,5)
(384,830)
(1689,14)
(57761,1)
(10817,1)
(16033,1)
(2993,2)
(385,380)
(4297,3)
(6905,1)
(156865,1)
(52545,1)
(386,833)
(9514,1)
(18642,1)
(5602,4)
(4298,1)
(1690,24)
(14730,1)
(2994,11)
(21250,1)
(14731,4)
(387,388)
(1691,13)
(4299,2)
(2995,3)
(5603,1)
(8211,1)
(388,867)
(5604,1)
(2996,7)
(1692,33)
(4300,1)
(13428,1)
(4301,1)
(1693,14)
(5605,3)
(2997,4)
(8213,1)
(389,361)
(9518,2)
(1694,26)
(14734,1)
(2998,9)
(4302,2)
(390,791)
(5606,3)
(6910,1)
(12127,1)
(21255,1)
(1695,14)
(5607,1)
(4303,3)
(2999,3)
(391,374)
(4304,5)
(6912,1)
(1696,31)
(8216,1)
(392,777)
(3000,3)
(1697,15)
(53857,1)
(393,351)
(6913,1)
(3001,4)
(1698,27)
(9522,1)
(394,812)
(23866,1)
(6914,1)
(5610,1)
(36906,1)
(3002,4)
(5611,1)
(395,379)
(4307,1)
(3003,2)
(1699,11)
(3004,3)
(396,779)
(1700,23)
(6916,1)
(10828,1)
(397,338)
(3005,4)
(5613,1)
(1701,10)
(398,755)
(3006,8)
(13438,1)
(4310,6)
(32998,1)
(12134,1)
(5614,1)
(1702,25)
(3007,5)
(399,332)
(1703,14)
(4312,1)
(8224,2)
(3008,3)
(5616,1)
(22568,1)
(17352,1)
(6920,2)
(400,797)
(1704,26)
(4313,1)
(401,348)
(3009,3)
(1705,12)
(4314,1)
(3010,2)
(5618,2)
(1706,32)
(12138,1)
(402,770)
(9530,1)
(19963,1)
(4315,1)
(159491,1)
(403,360)
(5619,1)
(8227,1)
(1707,14)
(3011,3)
(12140,1)
(404,841)
(1708,21)
(10836,1)
(3012,5)
(4316,2)
(23876,1)
(1709,20)
(3013,4)
(405,337)
(3014,6)
(17358,1)
(1710,17)
(5622,1)
(87774,1)
(6926,2)
(12142,1)
(406,782)
(6927,2)
(13447,1)
(407,309)
(4319,1)
(3015,2)
(21271,1)
(1711,13)
(5623,1)
(4320,1)
(6928,1)
(9536,1)
(408,763)
(87776,1)
(5624,1)
(3016,6)
(16056,1)
(1712,23)
(409,322)
(3017,6)
(10841,1)
(19969,1)
(4321,3)
(1713,17)
(410,741)
(1714,21)
(3018,4)
(4322,1)
(104730,1)
(8234,1)
(6930,1)
(5626,4)
(6931,2)
(3019,3)
(411,326)
(4323,3)
(1715,17)
(21276,1)
(412,680)
(13452,1)
(3020,5)
(1716,25)
(4324,4)
(5628,2)
(12148,1)
(8236,1)
(3021,4)
(413,300)
(9541,1)
(1717,13)
(122989,1)
(10845,1)
(74741,1)
(21277,1)
(23886,1)
(5630,2)
(47358,1)
(12150,1)
(6934,1)
(414,725)
(3022,9)
(4326,4)
(1718,25)
(26494,1)
(33014,1)
(1719,16)
(4327,1)
(5631,1)
(415,311)
(3023,6)
(4328,1)
(8240,1)
(17368,1)
(3024,4)
(416,693)
(14760,1)
(21280,1)
(1720,31)
(417,325)
(1721,13)
(13457,1)
(4329,2)
(412481,1)
(3025,5)
(8242,1)
(1722,17)
(48666,1)
(3026,5)
(19978,1)
(9546,1)
(4330,1)
(418,668)
(12154,1)
(6938,1)
(13458,1)
(5634,1)
(419,290)
(4331,3)
(1723,13)
(3027,1)
(420,653)
(1724,22)
(6940,2)
(4332,2)
(3028,10)
(5636,3)
(3029,2)
(9549,1)
(6941,1)
(5637,1)
(17373,1)
(421,302)
(1725,13)
(8245,2)
(4334,1)
(3030,7)
(14766,1)
(9550,1)
(422,711)
(1726,19)
(13462,1)
(3031,4)
(5639,1)
(4335,1)
(423,325)
(1727,16)
(424,734)
(87792,1)
(31720,1)
(3032,4)
(1728,29)
(9552,1)
(4336,2)
(4337,2)
(1729,17)
(47369,1)
(43457,1)
(6945,1)
(3033,2)
(425,311)
(17377,1)
(5642,1)
(426,693)
(4338,1)
(1730,20)
(3034,3)
(12162,1)
(44762,1)
(1731,11)
(427,268)
(17379,1)
(4339,3)
(16076,1)
(428,657)
(33028,1)
(4340,1)
(1732,24)
(42156,1)
(9556,1)
(5644,3)
(8252,3)
(10860,1)
(3036,6)
(429,311)
(5645,1)
(4341,1)
(1733,20)
(3037,4)
(4342,2)
(1734,26)
(3038,8)
(430,605)
(22598,1)
(8254,1)
(5646,3)
(5647,1)
(3039,5)
(1735,14)
(8255,1)
(431,294)
(4343,3)
(1736,26)
(31728,1)
(5648,2)
(6952,1)
(4344,3)
(9560,1)
(432,679)
(3040,4)
(9561,1)
(8257,1)
(1737,8)
(3041,3)
(13473,1)
(433,294)
(9562,1)
(1738,23)
(6954,1)
(52594,1)
(3042,1)
(10866,1)
(434,631)
(5650,2)
(4346,1)
(4347,1)
(1739,7)
(435,261)
(3043,5)
(436,652)
(3044,6)
(1740,24)
(5652,2)
(23908,1)
(8260,1)
(9564,1)
(6957,1)
(3045,2)
(437,312)
(1741,11)
(5653,1)
(4349,1)
(19998,1)
(4350,1)
(1742,29)
(3046,4)
(438,585)
(9566,1)
(5654,2)
(6958,1)
(3047,1)
(4351,3)
(18695,2)
(5655,2)
(19999,1)
(439,287)
(1743,10)
(440,636)
(4352,1)
(3048,4)
(1744,25)
(6961,1)
(18697,1)
(441,281)
(4353,2)
(20001,1)
(3049,4)
(9569,1)
(1745,13)
(3050,7)
(1746,30)
(4354,2)
(8266,1)
(442,658)
(1747,12)
(31739,1)
(8267,1)
(5659,1)
(6963,1)
(443,295)
(3051,6)
(3052,5)
(4356,2)
(29132,1)
(18700,1)
(8268,1)
(5660,2)
(444,631)
(1748,24)
(14788,1)
(6964,2)
(5661,1)
(3053,1)
(1749,17)
(445,279)
(4358,3)
(446,586)
(13486,1)
(5662,1)
(1750,31)
(87814,1)
(3054,7)
(1751,16)
(4359,3)
(5663,1)
(22615,1)
(447,287)
(3055,5)
(18703,1)
(10880,1)
(22616,1)
(8272,1)
(4360,14)
(448,617)
(6968,1)
(3056,4)
(1752,29)
(4361,2)
(8273,1)
(449,265)
(1753,16)
(5665,1)
(3057,5)
(3058,5)
(8274,1)
(1754,32)
(51306,1)
(5666,1)
(4362,1)
(12186,1)
(10882,2)
(9578,1)
(450,637)
(451,259)
(5667,1)
(4363,3)
(1755,15)
(13491,1)
(3059,1)
(3060,12)
(6972,4)
(379916,1)
(20012,1)
(1756,30)
(5668,3)
(452,581)
(9581,1)
(3061,1)
(5669,3)
(17405,1)
(453,276)
(1757,14)
(454,568)
(5670,2)
(27838,1)
(3062,2)
(1758,17)
(10886,1)
(98254,1)
(455,279)
(25231,1)
(4367,1)
(1759,13)
(10888,1)
(6976,1)
(456,592)
(8280,1)
(3064,4)
(1760,22)
(4368,2)
(13497,1)
(5673,1)
(27841,1)
(3065,5)
(1761,11)
(8281,1)
(457,273)
(5674,1)
(3066,5)
(10890,1)
(4370,1)
(458,584)
(1762,20)
(21322,1)
(9586,1)
(18714,1)
(20019,1)
(5675,3)
(459,280)
(1763,13)
(3067,1)
(460,567)
(5676,2)
(1764,22)
(3068,9)
(6981,1)
(9589,1)
(1765,12)
(13501,1)
(461,250)
(4373,1)
(1766,23)
(12198,2)
(3070,4)
(5678,1)
(462,601)
(6983,1)
(4375,2)
(3071,6)
(463,262)
(1767,15)
(1768,27)
(3072,1)
(6984,1)
(464,544)
(10896,1)
(1769,12)
(465,251)
(8289,1)
(3073,5)
(4377,2)
(8290,1)
(1770,21)
(466,563)
(3074,5)
(5682,1)
(6986,1)
(34370,1)
(467,260)
(76099,1)
(4379,2)
(3075,1)
(1771,19)
(10899,1)
(3076,7)
(1772,22)
(9596,1)
(468,588)
(5684,3)
(13508,1)
(8292,2)
(1773,10)
(4381,1)
(20029,1)
(1191021,1)
(469,252)
(18725,1)
(3077,5)
(14813,1)
(470,578)
(12206,1)
(4382,3)
(1774,20)
(3078,5)
(1775,13)
(471,220)
(4383,1)
(5687,2)
(3079,3)
(8296,1)
(3080,3)
(472,540)
(5688,2)
(9600,1)
(1776,25)
(48720,1)
(5689,1)
(13513,1)
(3081,1)
(473,219)
(1777,10)
(4385,1)
(12209,1)
(5690,1)
(17426,1)
(474,593)
(9602,1)
(4386,1)
(3082,5)
(8298,1)
(1778,26)
(475,222)
(6995,1)
(4387,2)
(1779,15)
(13515,1)
(3083,2)
(20035,1)
(1780,17)
(4388,1)
(476,552)
(5692,2)
(10908,1)
(8300,1)
(3084,3)
(6996,1)
(1781,7)
(23949,1)
(477,209)
(3085,3)
(8301,1)
(5693,1)
(4389,1)
(10910,1)
(6998,1)
(708550,1)
(4390,5)
(5694,1)
(1782,17)
(478,521)
(3086,5)
(5695,1)
(3087,9)
(479,221)
(4391,2)
(1783,16)
(1784,21)
(38296,1)
(5696,2)
(3088,10)
(480,539)
(4392,3)
(5697,1)
(4393,2)
(1785,15)
(481,249)
(482,520)
(18738,1)
(3090,5)
(1786,23)
(21346,1)
(8306,1)
(4394,4)
(5698,2)
(7002,1)
(3091,2)
(1787,18)
(27867,1)
(483,231)
(20044,1)
(3092,3)
(1788,29)
(484,467)
(5700,3)
(485,256)
(1789,16)
(3093,3)
(8309,1)
(486,518)
(4398,2)
(7006,1)
(20046,1)
(5702,1)
(1790,19)
(3094,3)
(5703,1)
(3095,1)
(4399,1)
(7007,1)
(1791,18)
(487,231)
(1792,20)
(4400,1)
(9616,1)
(22656,2)
(3096,2)
(488,517)
(7008,1)
(55257,1)
(5705,1)
(42217,1)
(87857,1)
(4401,4)
(489,264)
(13529,1)
(1793,16)
(3097,3)
(21353,1)
(490,525)
(7010,1)
(4402,4)
(3098,8)
(1794,23)
(491,219)
(3099,1)
(1795,21)
(17443,1)
(14835,2)
(13532,1)
(16140,1)
(1796,19)
(3100,3)
(7012,2)
(492,557)
(1797,11)
(20053,1)
(4405,2)
(493,242)
(3101,2)
(1798,17)
(3102,5)
(5710,1)
(8318,1)
(4406,1)
(494,505)
(7014,1)
(3103,7)
(1799,13)
(495,229)
(364311,1)
(8319,1)
(3104,8)
(1800,19)
(13536,1)
(14840,1)
(5712,1)
(8320,1)
(12232,1)
(496,498)
(4408,1)
(1801,9)
(497,215)
(3105,1)
(26577,1)
(3106,5)
(7018,1)
(1802,33)
(4410,2)
(498,479)
(10930,1)
(9627,1)
(3107,6)
(1803,14)
(5715,1)
(499,206)
(10931,1)
(1804,24)
(3108,6)
(7020,1)
(8324,2)
(20060,1)
(4412,3)
(14844,1)
(57876,1)
(5716,3)
(13540,1)
(500,503)
(5717,2)
(8325,1)
(4413,2)
(1805,9)
(501,224)
(7021,1)
(3109,4)
(16149,1)
(502,492)
(3110,9)
(1806,22)
(96998,1)
(9630,1)
(5718,3)
(7022,1)
(4414,2)
(5719,2)
(503,211)
(13543,1)
(1807,16)
(3111,2)
(4416,1)
(504,481)
(7024,2)
(9632,1)
(5720,1)
(1808,23)
(3112,4)
(10936,1)
(5721,1)
(4417,2)
(17457,1)
(1809,13)
(3113,4)
(10937,1)
(505,211)
(70921,1)
(13545,1)
(3114,4)
(1810,20)
(7026,3)
(5722,2)
(506,509)
(8331,1)
(1811,10)
(507,228)
(5723,1)
(3115,3)
(4419,2)
(8332,2)
(7028,1)
(3116,4)
(4420,3)
(14852,1)
(27892,1)
(508,481)
(1812,30)
(509,223)
(3117,3)
(1813,10)
(7029,1)
(5725,2)
(16158,1)
(18766,1)
(5726,1)
(510,470)
(70926,1)
(8334,1)
(1814,24)
(3118,5)
(511,203)
(5727,1)
(1815,13)
(3119,5)
(4423,1)
(8335,1)
(42240,1)
(512,482)
(7032,2)
(5728,2)
(3120,7)
(4424,2)
(22680,1)
(8336,1)
(1816,16)
(8337,1)
(513,209)
(1817,10)
(5729,1)
(3121,2)
(14858,1)
(3122,5)
(8338,1)
(1818,22)
(514,459)
(10946,1)
(7034,3)
(5731,1)
(22683,1)
(9643,1)
(3123,2)
(4427,3)
(515,229)
(1819,6)
(4428,3)
(3124,8)
(12252,1)
(5732,1)
(1820,23)
(516,478)
(1821,15)
(5733,2)
(8341,1)
(4429,1)
(517,186)
(14862,2)
(8342,1)
(1822,21)
(18774,1)
(518,466)
(3126,5)
(9646,1)
(83974,2)
(7038,1)
(4430,3)
(23990,1)
(519,207)
(3127,2)
(1823,13)
(4431,1)
(7039,1)
(5735,1)
(12256,1)
(5736,1)
(790744,1)
(8344,1)
(520,453)
(4432,5)
(16168,1)
(1824,28)
(3128,9)
(86585,1)
(13561,1)
(5737,1)
(3129,3)
(521,210)
(4433,1)
(1825,17)
(16169,1)
(20081,1)
(3130,9)
(8346,1)
(12258,1)
(1826,26)
(18778,1)
(16170,1)
(9650,2)
(21386,1)
(4434,2)
(522,463)
(4435,3)
(5739,1)
(16171,2)
(3131,3)
(523,177)
(1827,11)
(7044,2)
(524,440)
(4436,4)
(5740,2)
(3132,5)
(18780,1)
(1828,18)
(10957,1)
(3133,3)
(7045,1)
(5741,2)
(1829,15)
(525,208)
(10958,1)
(9654,2)
(1830,18)
(526,442)
(7046,1)
(16174,1)
(5742,4)
(3134,5)
(4438,1)
(13566,1)
(1831,13)
(12263,1)
(527,188)
(17479,1)
(3135,5)
(5743,2)
(13567,1)
(4440,2)
(12264,1)
(39648,1)
(1832,27)
(528,428)
(9656,1)
(8352,1)
(3136,7)
(5745,1)
(529,193)
(3137,5)
(1833,4)
(10961,1)
(13570,1)
(12266,1)
(1834,32)
(26610,1)
(9658,1)
(530,462)
(5746,1)
(8354,1)
(3138,5)
(4442,5)
(7050,1)
(3139,2)
(531,201)
(5747,1)
(13571,1)
(1835,10)
(4444,3)
(35740,1)
(532,448)
(16180,1)
(12268,1)
(3140,3)
(5748,1)
(7052,1)
(8356,3)
(1836,22)
(360437,1)
(533,167)
(1837,10)
(5749,2)
(4445,1)
(3141,1)
(3142,7)
(13574,1)
(1838,24)
(17486,1)
(4446,3)
(534,468)
(5750,1)
(7055,1)
(4447,3)
(1839,12)
(3143,4)
(535,193)
(21399,1)
(20096,1)
(4448,4)
(8360,3)
(1840,10)
(29224,1)
(3144,2)
(7056,1)
(18792,1)
(10968,1)
(536,405)
(3145,1)
(537,191)
(4449,1)
(1841,12)
(64433,1)
(3146,1)
(1842,22)
(12274,1)
(30530,1)
(8362,1)
(4450,2)
(538,424)
(5754,3)
(8363,1)
(539,204)
(18795,1)
(1843,10)
(4451,2)
(3147,1)
(40963,1)
(27923,1)
(540,419)
(3148,7)
(1844,25)
(7060,1)
(42268,1)
(5756,1)
(4452,2)
(9669,1)
(5757,1)
(10973,1)
(1845,14)
(68349,1)
(541,190)
(3149,4)
(1846,27)
(3150,3)
(4454,1)
(7062,1)
(542,436)
(5758,5)
(1847,16)
(5759,1)
(16191,1)
(4455,1)
(14887,1)
(3151,4)
(543,193)
(8367,1)
(13584,1)
(544,384)
(4456,3)
(3152,6)
(10976,2)
(17496,1)
(9672,1)
(1848,30)
(5760,1)
(3153,1)
(24017,1)
(9673,1)
(545,170)
(1849,15)
(16194,1)
(1850,20)
(17498,1)
(3154,3)
(12282,1)
(18802,1)
(4458,3)
(7066,1)
(546,454)
(5762,1)
(113995,1)
(3155,1)
(7067,1)
(57923,1)
(547,181)
(1851,9)
(16196,1)
(3156,6)
(548,383)
(4460,2)
(5764,1)
(1852,23)
(14892,1)
(4461,2)
(549,180)
(1853,12)
(13589,1)
(5766,1)
(27934,1)
(4462,2)
(7070,2)
(1854,26)
(3158,7)
(550,387)
(10982,1)
(5767,1)
(551,162)
(3159,3)
(1855,12)
(3160,4)
(10984,1)
(1856,23)
(7072,1)
(8376,1)
(552,395)
(5768,3)
(4464,1)
(16200,1)
(553,200)
(3161,2)
(1857,5)
(4465,1)
(10985,1)
(5769,2)
(554,410)
(9682,2)
(16202,1)
(27938,1)
(17506,2)
(1858,29)
(5770,1)
(3162,3)
(1859,8)
(20115,1)
(18811,1)
(4467,2)
(7075,1)
(8379,1)
(9683,1)
(59235,1)
(16203,1)
(555,187)
(3164,8)
(556,402)
(8380,1)
(1860,15)
(4468,2)
(7076,5)
(87924,1)
(10988,1)
(16204,2)
(5773,1)
(3165,2)
(557,168)
(1861,13)
(231365,1)
(87925,1)
(4469,1)
(3166,4)
(4470,3)
(558,387)
(16206,1)
(25334,1)
(7078,2)
(1862,23)
(3167,1)
(1863,9)
(559,165)
(4471,1)
(4472,4)
(99664,1)
(8384,1)
(7080,1)
(560,434)
(1864,32)
(5776,2)
(16208,1)
(12296,1)
(3168,6)
(4473,1)
(10993,2)
(1865,14)
(3169,2)
(12297,1)
(561,178)
(124441,1)
(7082,1)
(562,382)
(4474,5)
(3170,5)
(12298,1)
(5778,1)
(1866,18)
(47506,1)
(59243,1)
(1867,14)
(5779,2)
(106187,1)
(563,184)
(3171,3)
(13603,1)
(564,332)
(13604,1)
(1868,28)
(4476,1)
(25340,1)
(3172,5)
(7084,1)
(20124,1)
(5780,1)
(9692,2)
(22732,1)
(12300,1)
(69676,1)
(10996,1)
(18821,1)
(26645,1)
(16213,1)
(1869,6)
(8389,1)
(3173,1)
(565,178)
(5781,1)
(4478,4)
(7086,1)
(566,408)
(12302,1)
(1870,20)
(54030,1)
(9694,2)
(5782,6)
(8390,1)
(3174,3)
(13606,1)
(3175,1)
(5783,1)
(7087,1)
(567,176)
(1871,8)
(9695,1)
(568,357)
(1872,25)
(4480,2)
(11000,1)
(14912,1)
(3176,3)
(9696,1)
(7088,1)
(1873,9)
(3177,3)
(569,196)
(5785,1)
(570,390)
(1874,17)
(7090,1)
(22738,1)
(5786,1)
(8394,1)
(3178,3)
(4482,2)
(1875,12)
(571,180)
(3179,3)
(14915,1)
(7092,1)
(5788,2)
(3180,7)
(8396,1)
(572,367)
(4484,1)
(1876,16)
(3181,15)
(21437,1)
(39693,1)
(1877,13)
(5789,2)
(4485,1)
(573,156)
(574,395)
(9702,1)
(1878,23)
(17526,1)
(4486,5)
(3182,15)
(5790,1)
(16222,1)
(8398,2)
(7095,1)
(1879,12)
(20135,1)
(5791,2)
(3183,1)
(575,174)
(5792,1)
(18832,1)
(4488,2)
(1880,24)
(16224,1)
(11008,1)
(576,351)
(3184,1)
(1881,5)
(577,170)
(5793,1)
(3185,2)
(44913,2)
(7098,3)
(8402,1)
(1882,11)
(3186,7)
(578,367)
(5794,2)
(4490,2)
(11011,1)
(5795,2)
(18835,1)
(579,161)
(1883,12)
(4491,1)
(38396,1)
(1884,17)
(5796,2)
(86644,1)
(3188,1)
(8404,1)
(4492,4)
(9708,1)
(7100,1)
(580,419)
(1885,10)
(360485,1)
(38397,1)
(7101,1)
(581,165)
(4493,2)
(3190,7)
(11014,1)
(7102,3)
(16230,1)
(582,320)
(1886,25)
(12318,2)
(22750,1)
(5798,2)
(583,170)
(1887,18)
(37095,1)
(7103,1)
(5799,1)
(4495,1)
(16232,1)
(1888,23)
(3192,5)
(4496,2)
(584,357)
(5800,1)
(1889,12)
(585,149)
(17537,1)
(8410,1)
(5802,2)
(586,362)
(4498,2)
(1890,20)
(3194,6)
(7106,1)
(3195,4)
(4499,1)
(8411,1)
(587,168)
(1891,14)
(5803,1)
(3196,1)
(4500,2)
(1892,17)
(16236,1)
(5804,2)
(588,329)
(7108,3)
(3197,2)
(8413,1)
(589,144)
(1893,11)
(5805,1)
(7109,1)
(7110,2)
(13630,1)
(4502,1)
(3198,5)
(1894,21)
(5806,1)
(27974,1)
(590,332)
(1895,6)
(5807,1)
(591,167)
(4503,1)
(7111,2)
(592,333)
(4504,1)
(3200,5)
(1896,19)
(7112,2)
(593,160)
(1897,18)
(4505,1)
(3201,1)
(16241,1)
(31890,1)
(1898,15)
(8418,1)
(4506,2)
(594,336)
(7114,1)
(9722,1)
(14938,1)
(52754,1)
(5810,1)
(3202,4)
(1899,18)
(4507,1)
(595,177)
(7115,1)
(3203,6)
(7116,2)
(1900,17)
(3204,4)
(8420,1)
(596,335)
(4508,1)
(3205,5)
(16245,2)
(597,133)
(1901,9)
(7118,2)
(18854,1)
(598,293)
(1902,19)
(3206,3)
(4510,1)
(1903,10)
(16247,1)
(4511,1)
(3207,1)
(8423,1)
(599,146)
(600,321)
(1904,25)
(4512,2)
(5816,2)
(8424,1)
(3208,4)
(33200,1)
(42328,1)
(11032,1)
(9728,1)
(27984,1)
(7120,2)
(3209,3)
(1905,15)
(601,169)
(7121,1)
(5817,1)
(602,304)
(7122,4)
(5818,1)
(1906,19)
(14946,1)
(3210,4)
(16250,1)
(12338,1)
(1907,7)
(3211,1)
(603,169)
(16251,2)
(5819,1)
(99707,1)
(12340,1)
(7124,3)
(46244,1)
(11036,2)
(1908,20)
(3212,5)
(4516,1)
(604,336)
(14948,1)
(4517,1)
(1909,12)
(3213,4)
(41029,1)
(605,170)
(8429,1)
(5821,1)
(14949,1)
(606,311)
(4518,3)
(3214,4)
(1910,18)
(5822,1)
(607,153)
(3215,1)
(9735,2)
(4519,2)
(1911,12)
(4520,3)
(7128,2)
(608,306)
(1912,19)
(5824,2)
(9736,1)
(609,157)
(4521,2)
(3217,3)
(1913,12)
(11041,1)
(31906,1)
(4522,1)
(610,308)
(9738,1)
(1914,18)
(7130,1)
(16258,1)
(5827,1)
(20171,1)
(3219,2)
(4523,1)
(611,134)
(1915,13)
(9739,1)
(41036,1)
(3220,7)
(17564,1)
(1916,22)
(7132,3)
(5828,4)
(612,314)
(4524,3)
(5829,2)
(4525,2)
(3221,2)
(613,155)
(16261,1)
(20173,1)
(1917,15)
(7134,2)
(3222,1)
(614,335)
(1918,20)
(8438,1)
(4526,3)
(3223,1)
(1919,9)
(16263,1)
(73639,1)
(4527,1)
(615,130)
(616,334)
(3224,2)
(412680,1)
(9744,1)
(7136,1)
(8440,1)
(1920,15)
(1921,12)
(5833,1)
(4529,3)
(617,131)
(3225,6)
(412682,1)
(17570,1)
(5834,1)
(3226,3)
(1922,17)
(618,302)
(4530,4)
(619,145)
(1923,6)
(8443,1)
(3227,3)
(18875,1)
(7140,4)
(3228,4)
(5836,1)
(31916,1)
(4532,5)
(620,315)
(13660,1)
(16268,1)
(1924,22)
(16269,1)
(1925,9)
(5837,1)
(621,139)
(51477,1)
(21485,1)
(4533,1)
(8445,1)
(3230,2)
(4534,5)
(622,319)
(1926,21)
(16270,1)
(5838,1)
(7142,3)
(33222,1)
(3231,4)
(623,143)
(1927,12)
(3232,7)
(1928,15)
(11056,1)
(624,265)
(7144,1)
(4536,1)
(5840,2)
(5841,1)
(3233,3)
(625,130)
(7145,1)
(4537,1)
(1929,5)
(1930,21)
(4538,4)
(3234,3)
(626,337)
(7146,4)
(5842,2)
(12363,1)
(16275,1)
(4539,1)
(1931,12)
(627,140)
(3235,2)
(22795,1)
(17580,1)
(1932,12)
(7148,1)
(5844,2)
(3236,6)
(8452,1)
(628,264)
(9756,1)
(4540,3)
(1933,5)
(7149,1)
(3237,4)
(8453,2)
(11061,1)
(629,138)
(630,310)
(4542,2)
(7150,1)
(3238,5)
(41054,1)
(13670,1)
(1934,17)
(631,129)
(1935,5)
(3239,2)
(4543,1)
(9759,1)
(8455,1)
(3240,5)
(7152,2)
(632,296)
(4544,3)
(17584,1)
(65832,1)
(1936,13)
(16280,1)
(107560,1)
(5848,4)
(425737,1)
(3241,3)
(4545,2)
(1937,9)
(633,133)
(7154,1)
(4546,3)
(12370,1)
(634,310)
(3242,4)
(1938,13)
(414003,1)
(16283,1)
(635,137)
(1939,6)
(3243,3)
(1940,20)
(3244,1)
(4548,1)
(5852,1)
(12372,1)
(28020,1)
(636,287)
(13677,1)
(8461,1)
(1941,9)
(637,136)
(5853,1)
(3245,3)
(4549,2)
(4550,2)
(1942,18)
(638,266)
(3246,10)
(7158,2)
(21502,1)
(639,145)
(1943,11)
(7159,1)
(8463,1)
(21503,1)
(28023,1)
(1944,19)
(4552,1)
(3248,6)
(5856,2)
(7160,5)
(121912,1)
(640,313)
(34545,1)
(641,113)
(9769,1)
(1945,16)
(3249,4)
(14985,1)
(107569,1)
(4553,2)
(132346,1)
(3250,6)
(5858,1)
(1946,12)
(642,274)
(7162,3)
(643,119)
(5859,1)
(1947,15)
(16291,1)
(3251,2)
(4555,1)
(7164,1)
(1948,19)
(3252,6)
(4556,18)
(9772,1)
(5860,1)
(16292,1)
(644,256)
(645,115)
(1949,9)
(4557,13)
(14989,1)
(11077,1)
(8469,1)
(3253,1)
(3254,8)
(1950,11)
(7166,2)
(8470,2)
(4558,7)
(16294,1)
(360550,1)
(13686,1)
(646,287)
(647,122)
(4559,4)
(1951,10)
(5864,1)
(33248,1)
(3256,3)
(4560,1)
(648,268)
(7168,1)
(11080,2)
(1952,11)
(12384,1)
(649,119)
(31945,1)
(1953,9)
(3257,1)
(1954,23)
(650,286)
(3258,4)
(8474,1)
(4562,2)
(16298,1)
(28034,1)
(7170,1)
(11082,1)
(3259,2)
(37163,1)
(1955,12)
(651,131)
(5867,1)
(8476,1)
(3260,3)
(13692,1)
(21516,1)
(5868,1)
(58028,1)
(9780,1)
(1956,19)
(114100,1)
(7172,4)
(652,310)
(18908,1)
(653,139)
(1957,10)
(3261,4)
(4566,2)
(11086,1)
(14998,1)
(18910,1)
(654,271)
(1958,10)
(7174,5)
(3262,5)
(282318,1)
(655,131)
(3263,2)
(1959,12)
(5872,2)
(7176,3)
(4568,1)
(9784,1)
(3264,4)
(656,283)
(1960,21)
(657,122)
(1961,11)
(3774433,1)
(4569,2)
(3265,2)
(16305,1)
(16306,2)
(7178,5)
(1962,25)
(4570,1)
(9786,1)
(5874,3)
(658,299)
(3266,6)
(4571,1)
(7179,1)
(16307,1)
(3267,1)
(659,138)
(5875,1)
(1963,10)
(5876,3)
(4572,1)
(16308,1)
(29348,1)
(7180,2)
(11092,1)
(1964,23)
(8484,1)
(660,249)
(3268,4)
(661,111)
(17613,1)
(1965,11)
(3269,2)
(7182,7)
(8486,1)
(4574,1)
(16310,1)
(20222,1)
(12398,1)
(5878,2)
(3270,5)
(662,278)
(1966,22)
(47606,1)
(663,129)
(1967,11)
(4575,1)
(3271,2)
(5880,2)
(3272,4)
(7184,7)
(4576,1)
(1968,26)
(8488,1)
(664,246)
(1969,5)
(8489,1)
(4577,1)
(665,121)
(3273,1)
(5881,2)
(5882,3)
(3274,4)
(1970,27)
(666,256)
(16314,2)
(22834,1)
(28050,1)
(7186,5)
(4578,2)
(3275,1)
(16315,1)
(667,117)
(1971,11)
(8491,1)
(15011,1)
(4579,3)
(5884,2)
(668,233)
(4580,4)
(1972,24)
(17620,1)
(3276,3)
(7188,8)
(8493,2)
(1973,8)
(4581,2)
(3277,1)
(21533,1)
(669,125)
(50222,1)
(12406,1)
(1974,20)
(7190,3)
(3278,3)
(670,271)
(9799,2)
(16319,1)
(4583,2)
(671,136)
(1975,11)
(5887,2)
(7192,2)
(16320,1)
(672,230)
(1976,14)
(5888,1)
(3280,3)
(673,113)
(4585,1)
(1977,11)
(9801,1)
(1978,15)
(52834,1)
(3282,4)
(71090,1)
(4586,3)
(674,242)
(17626,1)
(7194,6)
(4587,1)
(17627,1)
(15019,1)
(5891,3)
(1979,10)
(12411,1)
(3283,2)
(675,122)
(20235,1)
(676,236)
(9804,1)
(41100,1)
(5892,24)
(3284,5)
(34580,1)
(7196,3)
(4588,3)
(17628,1)
(1980,18)
(7197,1)
(1981,7)
(5893,2)
(26757,1)
(677,133)
(3285,1)
(4589,1)
(1982,26)
(4590,3)
(7198,2)
(18934,1)
(3286,3)
(678,235)
(8502,1)
(5894,3)
(54142,1)
(17630,1)
(1983,8)
(5895,2)
(25455,1)
(679,117)
(3287,4)
(29367,1)
(1984,18)
(7200,2)
(9808,1)
(4592,1)
(3288,7)
(680,256)
(5896,7)
(681,126)
(16329,1)
(4593,1)
(3289,3)
(1985,13)
(7201,2)
(5898,2)
(63274,1)
(4594,1)
(1986,15)
(682,232)
(13722,1)
(7202,2)
(28066,1)
(3290,8)
(5899,2)
(3291,3)
(4595,2)
(7203,1)
(1987,14)
(683,110)
(4596,3)
(1988,18)
(45020,1)
(7204,7)
(16332,1)
(5900,3)
(188460,1)
(684,249)
(3292,5)
(4597,1)
(5901,2)
(685,98)
(3293,2)
(1989,15)
(28070,1)
(17638,2)
(7206,2)
(8510,1)
(686,233)
(16334,1)
(1990,19)
(46326,1)
(5902,1)
(4598,2)
(24158,1)
(3294,3)
(687,106)
(3295,2)
(7207,1)
(1991,9)
(4599,2)
(3296,4)
(1992,23)
(13728,1)
(7208,3)
(688,253)
(4600,2)
(3297,3)
(20249,1)
(8513,1)
(415361,1)
(17641,1)
(689,125)
(4601,1)
(7209,1)
(1993,13)
(4602,1)
(1994,21)
(7210,3)
(21554,1)
(690,251)
(3298,5)
(8514,1)
(3299,3)
(8515,1)
(691,141)
(1995,5)
(692,234)
(7212,1)
(12428,1)
(771356,1)
(1996,15)
(5908,1)
(9820,1)
(3300,5)
(4604,1)
(3301,2)
(11125,1)
(18949,1)
(1997,5)
(693,111)
(1998,15)
(7214,7)
(694,246)
(18950,1)
(3302,5)
(86758,1)
(4606,2)
(20254,1)
(16342,1)
(8518,1)
(9822,1)
(3303,4)
(4607,1)
(1999,8)
(695,120)
(2000,17)
(5912,1)
(4608,2)
(16344,1)
(8520,1)
(696,229)
(7216,3)
(3304,7)
(4609,2)
(25473,1)
(2001,15)
(5913,1)
(697,116)
(3305,3)
(88066,1)
(698,230)
(16346,2)
(2002,15)
(17650,1)
(3306,5)
(7218,5)
(4610,5)
(8522,1)
(5914,1)
(4611,1)
(132403,1)
(699,102)
(8523,1)
(68507,1)
(65899,1)
(3307,3)
(2003,3)
(16347,2)
(7219,1)
(3308,3)
(5916,1)
(7220,5)
(9828,1)
(2004,15)
(700,231)
(4612,1)
(16348,1)
(3309,4)
(2005,11)
(4613,1)
(693125,1)
(701,109)
(88070,1)
(3310,6)
(2006,23)
(16350,2)
(702,258)
(5918,1)
(4614,1)
(12438,1)
(7222,3)
(8527,1)
(9831,1)
(703,108)
(4615,1)
(3311,4)
(2007,12)
(11136,1)
(704,229)
(2008,17)
(71120,1)
(7224,3)
(3312,5)
(5920,2)
(7225,1)
(5921,1)
(4617,1)
(21569,1)
(705,118)
(26785,1)
(3313,1)
(9833,1)
(2009,5)
(2010,11)
(3314,5)
(16354,2)
(13746,1)
(4618,2)
(52866,1)
(706,220)
(3315,2)
(707,219)
(4619,1)
(9835,1)
(2011,10)
(5924,2)
(708,788)
(20268,1)
(2012,18)
(7228,4)
(8532,1)
(3316,3)
(4620,1)
(26789,1)
(709,314)
(3317,2)
(4621,2)
(76341,1)
(2013,9)
(7229,1)
(3318,3)
(5926,1)
(2014,26)
(4622,3)
(7230,8)
(710,225)
(4623,1)
(711,128)
(2015,8)
(3319,2)
(24184,1)
(4624,2)
(2016,23)
(5928,2)
(3320,6)
(7232,4)
(712,230)
(713,119)
(5929,1)
(3321,3)
(4625,1)
(2017,11)
(5930,2)
(11146,1)
(4626,4)
(2018,13)
(16362,2)
(3322,4)
(7234,1)
(714,228)
(2019,12)
(715,114)
(7235,1)
(5931,2)
(65915,1)
(16363,1)
(12452,1)
(8540,1)
(4628,2)
(5932,1)
(20276,1)
(7236,3)
(3324,3)
(716,233)
(9844,1)
(16364,2)
(2020,13)
(2021,12)
(717,118)
(91997,1)
(3325,3)
(4629,1)
(9845,1)
(415389,1)
(8542,1)
(2022,14)
(7238,8)
(13758,1)
(3326,2)
(718,245)
(11150,1)
(4631,1)
(719,103)
(2023,5)
(22887,1)
(5935,1)
(3327,2)
(25495,1)
(9848,1)
(2024,17)
(3328,3)
(720,242)
(20280,1)
(7240,2)
(4632,2)
(721,98)
(5937,2)
(4633,1)
(2025,5)
(2026,22)
(20282,1)
(3330,3)
(5938,2)
(29410,1)
(722,199)
(8547,1)
(3331,3)
(4635,1)
(723,102)
(2027,8)
(4636,1)
(724,236)
(2028,23)
(51580,1)
(7244,4)
(3332,6)
(2029,9)
(21589,1)
(9853,1)
(3333,2)
(15069,1)
(725,103)
(726,216)
(3334,1)
(89398,1)
(42454,1)
(2030,20)
(5942,1)
(7246,4)
(7247,1)
(4639,3)
(2031,8)
(3335,1)
(727,177)
(5943,1)
(45063,1)
(16375,2)
(7248,2)
(3336,1)
(82880,1)
(5944,1)
(2032,12)
(728,242)
(2033,6)
(5945,2)
(729,110)
(3337,5)
(17682,1)
(15074,1)
(2034,13)
(4642,1)
(25506,1)
(730,204)
(7250,3)
(3338,4)
(18986,1)
(2035,13)
(3339,1)
(731,91)
(16379,1)
(5947,1)
(3340,5)
(414100,1)
(5948,3)
(4644,1)
(732,215)
(2036,21)
(16380,1)
(8556,1)
(7252,1)
(21596,1)
(12469,1)
(3341,2)
(16381,1)
(7253,1)
(21597,1)
(2037,9)
(733,99)
(15078,1)
(17686,2)
(2038,17)
(7254,4)
(3342,2)
(9862,1)
(734,227)
(5951,1)
(2039,13)
(3343,4)
(735,100)
(25512,1)
(7256,5)
(29424,1)
(5952,2)
(2040,20)
(8560,1)
(20296,1)
(736,218)
(3344,2)
(13776,1)
(2041,8)
(3345,2)
(8561,1)
(737,116)
(89409,1)
(9865,1)
(4649,2)
(5953,1)
(9866,2)
(3346,4)
(12474,1)
(5954,1)
(7258,6)
(4650,2)
(2042,15)
(11170,1)
(738,227)
(20298,1)
(2043,15)
(739,110)
(16387,1)
(3347,1)
(5955,1)
(4651,2)
(7260,4)
(2044,31)
(5956,2)
(740,229)
(3348,3)
(8564,1)
(16389,2)
(2045,13)
(3349,3)
(741,92)
(7262,5)
(3350,5)
(21606,1)
(15086,1)
(742,207)
(16390,2)
(2046,17)
(5958,1)
(68550,1)
(4654,1)
(30734,1)
(3351,3)
(7263,1)
(2047,8)
(743,90)
(4655,1)
(744,180)
(2048,15)
(24216,1)
(8568,1)
(5960,2)
(4656,3)
(11176,1)
(7264,3)
(3352,6)
(296752,1)
(3353,4)
(7265,1)
(2049,11)
(8569,1)
(745,107)
(7266,5)
(2050,13)
(746,215)
(12482,1)
(3354,3)
(41170,1)
(747,92)
(4659,1)
(2051,4)
(3355,1)
(21611,1)
(7268,3)
(5964,3)
(3356,4)
(748,208)
(2052,21)
(29436,1)
(3357,5)
(2053,11)
(5965,1)
(749,104)
(9878,1)
(2054,20)
(750,205)
(43782,1)
(3358,1)
(21614,1)
(8574,1)
(7270,5)
(12486,1)
(4662,1)
(2055,11)
(17703,1)
(16399,1)
(8575,1)
(9879,1)
(751,102)
(4663,1)
(3359,2)
(2056,27)
(752,190)
(7272,1)
(3360,1)
(8576,1)
(4664,1)
(15096,1)
(19009,1)
(753,90)
(2057,6)
(5969,1)
(16401,1)
(4665,1)
(4666,1)
(2058,17)
(7274,1)
(3362,3)
(754,168)
(16402,1)
(11186,1)
(5970,3)
(9883,1)
(5971,1)
(2059,7)
(3363,5)
(755,77)
(3364,3)
(756,198)
(49004,1)
(7276,1)
(2060,21)
(5972,1)
(757,89)
(5973,1)
(3365,2)
(4669,1)
(2061,8)
(12494,1)
(54222,1)
(758,203)
(4670,1)
(2062,10)
(3366,7)
(7278,6)
(9886,1)
(2063,10)
(16407,2)
(3367,4)
(19015,1)
(26839,1)
(759,102)
(5975,1)
(12496,1)
(3368,4)
(5976,4)
(2064,21)
(133768,1)
(7280,3)
(760,223)
(7281,1)
(761,79)
(3369,3)
(8585,1)
(2065,10)
(9889,1)
(762,176)
(2066,15)
(3370,6)
(11194,1)
(4674,2)
(5978,1)
(7282,4)
(11195,1)
(8587,1)
(16411,1)
(2067,12)
(131163,1)
(763,99)
(9891,1)
(5979,1)
(21627,1)
(17716,1)
(2068,24)
(3372,1)
(12500,1)
(16412,1)
(7284,7)
(4676,1)
(764,186)
(2069,6)
(5981,2)
(8589,1)
(765,83)
(4677,1)
(3373,1)
(21629,1)
(7285,1)
(3374,3)
(766,184)
(9894,1)
(5982,1)
(7286,6)
(2070,24)
(4678,1)
(8590,1)
(767,86)
(4679,1)
(3375,3)
(2071,11)
(4680,3)
(2072,27)
(3376,5)
(20328,1)
(5984,3)
(7288,3)
(768,172)
(769,101)
(2073,9)
(4681,1)
(3377,3)
(8593,1)
(153338,1)
(3378,5)
(770,217)
(7290,6)
(4682,4)
(2074,20)
(2075,8)
(3379,2)
(8595,1)
(7291,1)
(771,236)
(4683,1)
(3380,2)
(4684,1)
(772,907)
(2076,16)
(5988,1)
(59452,1)
(12508,1)
(7292,3)
(3381,2)
(2077,12)
(15117,1)
(5989,1)
(13813,1)
(773,89)
(19030,1)
(12510,1)
(7294,3)
(774,172)
(2078,28)
(5990,2)
(3382,6)
(4686,3)
(775,85)
(16423,2)
(28159,1)
(3383,2)
(15119,1)
(2079,6)
(5992,2)
(7296,3)
(3384,5)
(2080,30)
(13816,1)
(776,191)
(4688,3)
(13817,1)
(2081,9)
(4689,2)
(777,79)
(3385,4)
(16425,1)
(2082,20)
(3386,3)
(4690,2)
(5994,1)
(7298,4)
(778,195)
(4691,1)
(779,103)
(3387,4)
(2083,8)
(5995,2)
(16427,1)
(7300,3)
(2084,14)
(5996,1)
(3388,6)
(4692,2)
(780,180)
(13820,1)
(16429,1)
(781,87)
(296789,1)
(2085,9)
(5997,2)
(782,176)
(7302,3)
(3390,7)
(4694,2)
(72502,1)
(34686,1)
(2086,26)
(11214,1)
(15126,1)
(2087,9)
(783,94)
(4695,3)
(3391,2)
(30775,1)
(784,178)
(7304,6)
(3392,1)
(8608,1)
(4696,2)
(16432,1)
(2088,16)
(2089,10)
(9913,1)
(785,91)
(7306,3)
(4698,1)
(3394,3)
(2090,23)
(22954,1)
(6002,2)
(786,174)
(3395,5)
(6003,2)
(2091,5)
(787,98)
(7308,3)
(6004,1)
(4700,1)
(2092,26)
(37300,1)
(12524,1)
(788,164)
(8613,1)
(504133,1)
(3397,5)
(2093,6)
(4701,2)
(789,94)
(6005,2)
(7310,6)
(790,185)
(6006,1)
(2094,23)
(41214,1)
(7311,1)
(791,101)
(6007,1)
(2095,7)
(16439,1)
(3399,2)
(37304,1)
(11224,1)
(7312,3)
(3400,2)
(6008,3)
(792,179)
(9920,2)
(8616,1)
(128584,1)
(2096,31)
(4704,1)
(2097,10)
(8617,1)
(4705,1)
(793,86)
(3401,2)
(21657,1)
(7313,1)
(8618,1)
(4706,3)
(17746,1)
(15138,2)
(2098,23)
(7314,3)
(794,181)
(22962,1)
(6010,1)
(3402,1)
(2099,14)
(13835,1)
(795,76)
(3403,1)
(2100,30)
(7316,5)
(11228,1)
(796,162)
(16444,1)
(4708,3)
(3404,8)
(8620,1)
(2101,10)
(16445,1)
(797,61)
(3405,4)
(15141,1)
(7318,2)
(3406,7)
(2102,30)
(22966,1)
(161190,1)
(798,172)
(16446,2)
(52958,1)
(6014,2)
(81647,1)
(6015,1)
(799,86)
(2103,13)
(4711,1)
(800,170)
(7320,6)
(3408,4)
(8624,1)
(2104,39)
(4712,4)
(16449,1)
(4713,1)
(801,88)
(6017,2)
(2105,10)
(3409,5)
(3410,6)
(802,168)
(2106,24)
(8626,2)
(7322,3)
(21666,1)
(2107,6)
(3411,1)
(803,90)
(7323,1)
(8627,1)
(12539,1)
(3412,2)
(7324,6)
(8628,2)
(804,190)
(2108,31)
(4716,2)
(9932,1)
(183365,1)
(2109,17)
(3413,3)
(805,89)
(4717,1)
(11238,3)
(2110,33)
(12542,1)
(7326,5)
(8630,1)
(806,176)
(3414,2)
(807,55)
(6023,1)
(3415,4)
(2111,9)
(4719,1)
(8632,1)
(11240,1)
(2112,34)
(808,194)
(12544,2)
(3416,4)
(7328,4)
(4720,4)
(9936,1)
(6024,3)
(2113,12)
(46449,1)
(4721,1)
(809,81)
(63402,1)
(22978,1)
(7330,4)
(6026,1)
(4722,1)
(3418,2)
(810,162)
(2114,25)
(16459,1)
(6027,1)
(3419,2)
(9939,2)
(811,76)
(2115,9)
(7332,4)
(4724,1)
(3420,2)
(812,142)
(17764,1)
(2116,34)
(3421,2)
(4725,1)
(2117,12)
(16461,1)
(813,70)
(26893,1)
(6030,1)
(3422,1)
(7334,4)
(814,151)
(2118,35)
(36022,1)
(9942,1)
(8638,1)
(2119,7)
(3423,4)
(815,75)
(7335,1)
(6032,1)
(2120,29)
(15160,1)
(7336,4)
(3424,2)
(66016,1)
(21680,1)
(816,158)
(4728,5)
(817,76)
(3425,1)
(20377,1)
(4729,1)
(2121,6)
(6034,1)
(2122,30)
(3426,1)
(818,166)
(7338,6)
(2123,12)
(3427,3)
(4731,3)
(16467,1)
(819,84)
(4732,2)
(12556,1)
(22988,1)
(76452,1)
(8644,1)
(7340,6)
(2124,32)
(3428,4)
(820,158)
(4733,1)
(3429,1)
(20381,1)
(2125,9)
(821,81)
(6037,1)
(822,158)
(9950,1)
(3430,6)
(8646,1)
(2126,34)
(7342,4)
(4735,2)
(3431,2)
(2127,7)
(823,65)
(4736,3)
(7344,6)
(9952,1)
(19080,1)
(64720,1)
(12560,1)
(6040,2)
(2128,37)
(824,156)
(3432,5)
(2129,14)
(825,70)
(4737,1)
(36033,1)
(4738,2)
(7346,2)
(19082,1)
(2130,37)
(3434,1)
(13866,1)
(36034,1)
(826,185)
(6043,1)
(2131,13)
(3435,6)
(827,73)
(7348,3)
(2132,44)
(4740,2)
(828,176)
(9956,1)
(3436,7)
(25604,1)
(829,79)
(2133,14)
(4741,1)
(7349,1)
(3437,3)
(20389,1)
(6045,1)
(6046,1)
(21694,1)
(7350,5)
(4742,1)
(3438,5)
(8654,1)
(169046,1)
(830,141)
(2134,42)
(4743,1)
(2135,6)
(831,69)
(6047,1)
(3439,2)
(8656,1)
(7352,4)
(832,159)
(2136,49)
(6048,2)
(3440,7)
(811921,1)
(16481,1)
(9961,1)
(833,83)
(2137,11)
(7353,1)
(3442,5)
(4746,2)
(7354,2)
(9962,1)
(2138,36)
(6050,2)
(834,180)
(58210,1)
(8658,1)
(2139,13)
(874515,1)
(4747,2)
(835,74)
(24307,1)
(3443,6)
(3444,4)
(24308,2)
(836,138)
(4748,3)
(2140,37)
(15180,1)
(7356,3)
(6052,1)
(3445,4)
(837,81)
(6053,2)
(11269,1)
(4749,1)
(2141,11)
(7358,2)
(2142,52)
(3446,5)
(838,154)
(9966,2)
(6054,1)
(19094,1)
(839,89)
(2143,14)
(6055,1)
(15183,1)
(4751,1)
(3447,4)
(8663,1)
(3448,5)
(17792,1)
(7360,3)
(6056,1)
(4752,2)
(2144,42)
(840,146)
(4753,1)
(6057,1)
(3449,1)
(2145,12)
(841,68)
(2146,64)
(8666,1)
(3450,3)
(842,140)
(4754,1)
(7362,4)
(33443,1)
(4755,1)
(9971,1)
(843,80)
(2147,11)
(6059,1)
(3452,4)
(844,150)
(2148,59)
(36052,1)
(7364,1)
(4756,1)
(2149,10)
(845,69)
(3453,3)
(7365,1)
(3454,4)
(7366,4)
(2150,43)
(8670,1)
(16494,1)
(42574,1)
(6062,1)
(9974,1)
(4758,1)
(25622,1)
(846,143)
(4759,1)
(847,60)
(2151,14)
(2152,52)
(3456,5)
(848,153)
(11280,1)
(55616,1)
(4760,3)
(16496,1)
(6064,1)
(7368,1)
(86912,1)
(13888,2)
(4761,1)
(6065,1)
(2153,9)
(23017,1)
(849,84)
(45186,1)
(9978,1)
(850,150)
(3458,3)
(2154,44)
(6066,1)
(15194,1)
(7370,5)
(2155,9)
(6067,1)
(17803,1)
(9979,1)
(8675,1)
(851,88)
(3459,2)
(16499,1)
(4763,2)
(3460,5)
(12588,1)
(6068,1)
(4764,1)
(852,153)
(38668,1)
(30844,1)
(7372,4)
(2156,48)
(853,79)
(39973,1)
(16501,1)
(21717,1)
(2157,9)
(3461,1)
(4766,2)
(3462,4)
(2158,67)
(6070,2)
(39974,1)
(854,175)
(7374,5)
(2159,11)
(3463,3)
(7375,1)
(41279,1)
(855,86)
(12591,1)
(856,146)
(7376,4)
(6072,2)
(3464,2)
(4768,1)
(2160,48)
(857,64)
(2161,14)
(7377,2)
(4769,1)
(3466,5)
(6074,2)
(76490,1)
(4770,1)
(858,158)
(28242,1)
(2162,63)
(7378,3)
(3467,1)
(2163,12)
(41283,1)
(6075,1)
(859,77)
(4772,1)
(860,150)
(7380,2)
(3468,4)
(2164,64)
(16508,1)
(8684,1)
(4773,1)
(2165,10)
(3469,1)
(861,85)
(3470,8)
(862,145)
(2166,68)
(4774,2)
(7382,3)
(11295,1)
(863,60)
(2167,11)
(33463,1)
(3472,2)
(2168,63)
(7384,3)
(864,159)
(4776,2)
(17816,1)
(9992,2)
(4777,1)
(11297,1)
(865,67)
(16513,1)
(3473,2)
(7385,2)
(2169,11)
(19122,1)
(7386,8)
(866,149)
(2170,58)
(3474,4)
(4778,5)
(51722,1)
(867,68)
(4779,1)
(11299,1)
(2171,7)
(3475,1)
(8691,1)
(2172,69)
(412932,1)
(3476,2)
(9996,1)
(7388,3)
(16516,2)
(4780,1)
(868,170)
(6084,1)
(8692,2)
(20428,1)
(411629,1)
(2173,15)
(869,81)
(3477,2)
(6085,1)
(870,137)
(4782,4)
(8694,2)
(202990,1)
(6086,1)
(7390,2)
(2174,61)
(3478,2)
(76502,1)
(3479,4)
(8695,1)
(9999,1)
(2175,14)
(871,72)
(2176,62)
(4784,2)
(7392,1)
(41296,1)
(872,141)
(3480,6)
(3481,2)
(10001,1)
(4785,1)
(873,67)
(119537,1)
(2177,13)
(46513,1)
(6090,1)
(3482,3)
(4786,1)
(2178,76)
(7394,3)
(874,151)
(16522,1)
(875,79)
(3483,2)
(4787,2)
(6091,1)
(2179,17)
(32171,1)
(15220,1)
(876,151)
(3484,6)
(4788,2)
(7396,5)
(36084,1)
(16524,1)
(2180,83)
(6092,1)
(13916,2)
(11308,1)
(3485,3)
(6093,1)
(36085,1)
(877,69)
(2181,15)
(2182,88)
(7398,5)
(3486,3)
(6094,1)
(8702,1)
(15222,1)
(13918,1)
(20438,1)
(39998,1)
(75206,1)
(878,148)
(4790,1)
(16527,1)
(4791,1)
(2183,14)
(879,65)
(3488,1)
(6096,2)
(2184,63)
(8704,1)
(4792,1)
(880,127)
(7400,5)
(2185,10)
(3489,1)
(4793,2)
(37393,1)
(23049,1)
(881,56)
(2186,89)
(3490,4)
(40002,5)
(10010,1)
(6098,1)
(12618,1)
(7402,6)
(882,135)
(17834,1)
(883,67)
(2187,10)
(3491,2)
(40004,2)
(6100,2)
(884,143)
(7404,1)
(2188,90)
(10012,1)
(3492,9)
(2189,15)
(40005,1)
(6101,1)
(885,66)
(3493,1)
(6102,2)
(886,143)
(3494,2)
(7406,3)
(2190,78)
(50439,1)
(6103,2)
(2191,12)
(887,62)
(10015,1)
(2209863,1)
(4799,1)
(13928,1)
(3496,3)
(40008,1)
(888,137)
(7408,4)
(2192,72)
(16537,1)
(889,62)
(3497,1)
(15233,1)
(2193,14)
(40010,1)
(890,143)
(3498,4)
(16538,1)
(2194,92)
(6106,1)
(12626,1)
(4802,1)
(7410,2)
(16539,1)
(4803,1)
(12627,1)
(3499,2)
(891,72)
(2195,16)
(6107,1)
(11324,1)
(892,133)
(7412,2)
(15236,1)
(2196,98)
(12628,1)
(3500,3)
(6108,1)
(8716,1)
(4804,1)
(893,88)
(2197,8)
(3501,4)
(6109,1)
(7413,1)
(7414,5)
(3502,3)
(894,136)
(20454,1)
(2198,93)
(10022,1)
(4806,1)
(8718,1)
(3503,4)
(895,62)
(103911,1)
(11327,1)
(2199,13)
(25672,1)
(3504,3)
(2200,109)
(7416,2)
(12632,1)
(8720,1)
(6112,5)
(896,152)
(11328,1)
(10024,1)
(4808,3)
(2201,16)
(3505,2)
(897,60)
(6114,1)
(2202,85)
(7418,4)
(3506,5)
(898,125)
(59579,1)
(899,72)
(2203,18)
(8723,1)
(3507,2)
(7420,1)
(6116,3)
(23068,1)
(900,130)
(4812,1)
(3508,2)
(2204,97)
(11333,1)
(2205,15)
(7421,2)
(901,64)
(10029,1)
(3509,2)
(33501,1)
(4814,1)
(902,135)
(7422,2)
(3510,4)
(2206,101)
(903,70)
(2207,13)
(56975,1)
(6119,1)
(40023,1)
(414271,1)
(25680,1)
(21768,1)
(904,123)
(2208,88)
(4816,1)
(3512,6)
(7424,4)
(6120,1)
(905,71)
(17857,1)
(3513,4)
(88273,1)
(2209,12)
(3514,3)
(4818,1)
(906,115)
(23074,1)
(6122,2)
(7426,2)
(2210,101)
(907,54)
(4819,1)
(11339,1)
(2211,12)
(3515,1)
(2212,95)
(908,140)
(3516,6)
(7428,2)
(4820,3)
(30900,1)
(8733,2)
(21773,1)
(909,69)
(2213,15)
(16557,1)
(4821,1)
(3518,1)
(6126,1)
(910,130)
(7430,1)
(2214,111)
(4822,1)
(4823,2)
(3519,3)
(6127,1)
(2215,9)
(911,72)
(7432,3)
(912,126)
(4824,2)
(6128,2)
(3520,3)
(15256,1)
(2216,105)
(2217,9)
(3521,1)
(913,49)
(6130,1)
(2218,84)
(7434,2)
(914,129)
(3522,2)
(915,64)
(11347,1)
(2219,18)
(15259,1)
(4827,1)
(10043,1)
(3523,1)
(7436,3)
(916,125)
(12652,1)
(6132,2)
(8740,1)
(4828,2)
(2220,112)
(3524,3)
(2221,10)
(6133,1)
(4829,1)
(917,63)
(3525,2)
(918,116)
(8742,1)
(7438,2)
(2222,109)
(3526,6)
(19174,1)
(3527,3)
(919,51)
(2223,11)
(920,113)
(2224,110)
(4832,2)
(6136,1)
(3528,2)
(19176,1)
(21784,1)
(17872,1)
(20480,1)
(7440,2)
(3529,3)
(921,60)
(20481,1)
(4833,2)
(2225,12)
(7441,1)
(12657,1)
(8746,1)
(922,130)
(6138,3)
(3530,3)
(17874,1)
(7442,2)
(4834,2)
(20482,1)
(2226,99)
(2227,13)
(923,58)
(24395,2)
(360827,1)
(6139,2)
(3531,1)
(2228,93)
(4836,1)
(6140,1)
(12660,1)
(924,121)
(7444,1)
(8748,1)
(7445,1)
(2229,21)
(4837,3)
(3533,4)
(925,62)
(27006,1)
(12662,1)
(8750,3)
(4838,1)
(6142,2)
(926,123)
(2230,89)
(3534,1)
(7446,3)
(3535,1)
(927,68)
(7447,1)
(4839,1)
(2231,13)
(6143,2)
(2232,100)
(928,105)
(7448,1)
(4840,1)
(3536,4)
(17880,1)
(6144,2)
(3537,2)
(2233,14)
(8753,1)
(929,51)
(16577,1)
(930,134)
(3538,5)
(7450,3)
(2234,99)
(2235,7)
(4843,1)
(931,54)
(3539,3)
(4844,3)
(10060,1)
(3540,2)
(6148,1)
(7452,1)
(2236,78)
(13972,1)
(8756,1)
(932,102)
(24404,1)
(19188,1)
(70045,1)
(6149,1)
(2237,14)
(933,57)
(11365,1)
(7454,3)
(3542,2)
(20494,1)
(13974,1)
(6150,1)
(2238,112)
(934,121)
(16582,1)
(15278,1)
(29623,1)
(8759,1)
(3543,4)
(2239,15)
(80479,1)
(10063,1)
(935,72)
(4847,3)
(7456,4)
(4848,3)
(936,132)
(2240,105)
(10064,1)
(23104,1)
(3544,3)
(12672,1)
(16584,1)
(12673,1)
(2241,7)
(937,52)
(6153,1)
(45273,1)
(7458,2)
(2242,106)
(3546,3)
(8762,1)
(938,118)
(6154,1)
(33538,1)
(13978,1)
(34842,1)
(2243,12)
(12675,1)
(3547,2)
(939,60)
(6155,1)
(940,116)
(6156,2)
(19196,1)
(2244,115)
(3548,1)
(17892,1)
(3549,3)
(2245,12)
(941,49)
(4853,2)
(6157,1)
(20502,1)
(4854,1)
(2246,101)
(7462,2)
(3550,5)
(942,114)
(3551,2)
(943,55)
(2247,17)
(7464,1)
(4856,5)
(57016,1)
(23112,1)
(24416,1)
(8768,2)
(2248,97)
(3552,3)
(944,108)
(6161,1)
(945,53)
(11377,1)
(3553,2)
(10073,1)
(7465,3)
(2249,10)
(946,120)
(15290,1)
(7466,1)
(3554,3)
(167858,1)
(2250,105)
(10074,1)
(4859,1)
(6163,1)
(3555,2)
(2251,15)
(947,58)
(7467,1)
(11379,1)
(6164,10)
(3556,2)
(107876,6)
(4860,1)
(948,97)
(2252,91)
(29636,1)
(2253,15)
(3557,1)
(16597,1)
(949,65)
(23118,1)
(2254,89)
(24422,1)
(950,128)
(6166,3)
(107878,2)
(12686,1)
(4862,1)
(3558,4)
(4863,1)
(2255,13)
(60935,1)
(951,47)
(7472,1)
(3560,5)
(10080,1)
(952,107)
(2256,85)
(16600,1)
(6168,1)
(107880,1)
(4865,1)
(953,63)
(2257,12)
(3561,1)
(7474,1)
(21818,1)
(13994,1)
(954,119)
(2258,79)
(12690,1)
(107882,1)
(3562,1)
(4866,3)
(6170,2)
(3563,2)
(2259,13)
(6171,1)
(27035,1)
(955,54)
(11388,1)
(6172,1)
(8780,1)
(4868,1)
(12692,1)
(2260,100)
(956,115)
(3564,6)
(7476,2)
(360860,1)
(3565,2)
(957,55)
(4869,1)
(2261,11)
(7477,1)
(4870,3)
(3566,2)
(8782,1)
(958,108)
(2262,83)
(7478,4)
(6174,3)
(92238,1)
(3567,2)
(959,51)
(2263,13)
(8783,1)
(6175,3)
(3568,8)
(4872,2)
(2264,71)
(7480,1)
(21824,1)
(10088,1)
(960,136)
(6177,1)
(4873,1)
(3569,4)
(17913,1)
(961,65)
(2265,19)
(4874,1)
(962,102)
(3570,5)
(7482,2)
(6178,2)
(2266,104)
(14003,1)
(11395,1)
(3571,1)
(963,58)
(2267,16)
(7484,3)
(3572,1)
(2268,88)
(4876,3)
(6180,2)
(964,102)
(11396,1)
(7485,2)
(16613,1)
(965,57)
(2269,15)
(6181,1)
(3573,3)
(4877,1)
(3574,2)
(4878,1)
(966,131)
(87030,1)
(2270,73)
(3575,1)
(967,54)
(4879,1)
(2271,11)
(58343,1)
(4880,2)
(2272,90)
(44000,1)
(12704,1)
(3576,3)
(6184,3)
(40088,1)
(968,115)
(16617,1)
(7489,1)
(3577,1)
(6185,1)
(2273,12)
(969,66)
(4881,1)
(3578,6)
(970,89)
(2274,78)
(10098,1)
(6186,2)
(11402,1)
(7490,2)
(971,58)
(3579,1)
(2275,10)
(4883,1)
(972,118)
(10100,2)
(23140,1)
(3580,5)
(6188,1)
(4884,3)
(8796,1)
(2276,75)
(8797,1)
(17925,1)
(973,52)
(6189,1)
(3581,3)
(2277,9)
(19230,1)
(7494,1)
(153542,1)
(3582,4)
(974,127)
(2278,77)
(8798,1)
(4886,2)
(4887,1)
(2279,12)
(3583,1)
(975,56)
(57047,1)
(7495,1)
(2280,83)
(4888,3)
(6192,2)
(3584,2)
(976,107)
(7496,1)
(7497,1)
(2281,7)
(12713,1)
(6193,1)
(3585,3)
(977,66)
(87042,1)
(7498,3)
(11410,1)
(4890,1)
(978,104)
(6194,2)
(2282,79)
(3586,3)
(2283,15)
(4891,1)
(979,53)
(7499,1)
(3588,3)
(980,113)
(2284,82)
(15324,1)
(7500,1)
(20540,1)
(17932,1)
(6196,2)
(14020,1)
(3589,1)
(2285,10)
(7501,1)
(981,64)
(4894,1)
(7502,1)
(8806,1)
(3590,4)
(21846,1)
(2286,75)
(982,114)
(3591,1)
(17935,1)
(14023,1)
(983,57)
(6199,1)
(4895,1)
(21847,1)
(2287,13)
(3592,6)
(10112,1)
(14024,1)
(8808,3)
(984,100)
(7504,3)
(2288,75)
(36192,1)
(985,43)
(8809,1)
(2289,11)
(3593,3)
(4897,3)
(27066,1)
(6202,2)
(986,98)
(2290,60)
(3594,4)
(4898,2)
(7506,1)
(19242,1)
(3595,1)
(45323,1)
(2291,11)
(987,50)
(6203,1)
(7508,2)
(2292,60)
(53148,1)
(3596,6)
(988,102)
(6204,1)
(989,57)
(3597,4)
(4901,1)
(2293,11)
(6206,1)
(7510,1)
(360894,1)
(23158,1)
(990,94)
(3598,5)
(2294,65)
(8814,1)
(16638,1)
(3599,4)
(991,57)
(2295,9)
(12727,1)
(4904,1)
(992,127)
(3600,6)
(2296,68)
(19248,1)
(7512,1)
(8817,1)
(2297,12)
(3601,1)
(6209,1)
(993,51)
(16642,1)
(12730,1)
(994,110)
(3602,5)
(10122,2)
(7514,2)
(44026,1)
(2298,68)
(6210,2)
(15339,1)
(14035,1)
(11427,1)
(2299,13)
(995,52)
(3603,2)
(3604,2)
(7516,1)
(996,107)
(16644,1)
(4908,2)
(2300,65)
(8820,1)
(20556,1)
(28381,1)
(2301,8)
(997,48)
(3605,3)
(8821,1)
(4909,2)
(2302,72)
(4910,2)
(998,99)
(7518,1)
(6214,1)
(3606,1)
(3607,2)
(2303,14)
(4911,2)
(414367,1)
(999,41)
(10128,1)
(80544,1)
(4912,3)
(2304,65)
(1000,85)
(3608,4)
(1001,52)
(4913,1)
(3609,1)
(6217,1)
(2305,8)
(10130,1)
(1002,120)
(2306,69)
(3610,3)
(7522,1)
(7523,1)
(1003,53)
(2307,12)
(6219,1)
(8827,1)
(7524,2)
(8828,1)
(2308,70)
(3612,3)
(20564,2)
(1004,99)
(6220,1)
(1005,50)
(2309,11)
(58381,1)
(6221,1)
(3613,2)
(14046,2)
(4918,2)
(10134,1)
(1006,88)
(8830,1)
(2310,53)
(25782,1)
(3614,3)
(8831,2)
(10135,1)
(4919,1)
(3615,4)
(2311,5)
(11439,1)
(6223,1)
(1007,54)
(2312,48)
(1008,96)
(7528,1)
(10136,1)
(3616,5)
(4920,2)
(8832,2)
(4921,1)
(2313,3)
(3617,3)
(1009,46)
(8833,1)
(17962,1)
(1010,119)
(11442,1)
(2314,54)
(4922,2)
(6226,1)
(3618,3)
(3619,2)
(2315,9)
(1011,51)
(11444,2)
(1012,90)
(6228,3)
(191396,1)
(3620,2)
(10140,1)
(16660,1)
(66212,1)
(2316,48)
(4924,1)
(3621,1)
(2317,8)
(1013,37)
(4925,1)
(28398,1)
(2318,55)
(4926,1)
(1014,96)
(6230,1)
(3622,4)
(2319,10)
(1015,62)
(8839,1)
(4927,3)
(1016,93)
(2320,59)
(8840,1)
(10144,1)
(6232,1)
(4928,2)
(3624,6)
(7536,2)
(11448,1)
(8841,1)
(3625,4)
(1017,58)
(4929,1)
(2321,12)
(2322,48)
(15362,2)
(4930,1)
(3626,1)
(1018,98)
(10146,1)
(4931,2)
(2323,8)
(25795,1)
(1019,61)
(6236,2)
(2324,45)
(7540,3)
(51876,1)
(3628,5)
(21884,1)
(1020,112)
(3629,1)
(4933,1)
(1021,50)
(11453,1)
(2325,9)
(6237,1)
(17974,1)
(2326,45)
(1022,84)
(4934,1)
(8846,1)
(7542,1)
(6238,4)
(10151,1)
(15367,1)
(2327,10)
(1023,51)
(4935,3)
(7543,1)
(3631,2)
(2328,43)
(6240,1)
(4936,2)
(15368,1)
(1024,99)
(3632,1)
(2329,5)
(1025,44)
(3633,1)
(1026,108)
(2330,55)
(3634,2)
(7546,1)
(45362,1)
(2331,7)
(1027,48)
(3635,2)
(7548,2)
(1028,81)
(6244,1)
(4940,1)
(8852,1)
(2332,36)
(16676,1)
(3636,3)
(4941,1)
(2333,9)
(3637,3)
(10157,2)
(1029,52)
(15374,1)
(12766,1)
(1030,71)
(3638,2)
(4942,3)
(16678,1)
(11462,1)
(2334,39)
(46670,1)
(3639,2)
(11463,1)
(4943,1)
(2335,11)
(1031,64)
(10159,1)
(6248,2)
(1032,102)
(7552,1)
(3640,3)
(4944,2)
(10160,1)
(2336,38)
(1033,49)
(3641,2)
(4945,1)
(2337,5)
(6250,1)
(4946,5)
(3642,2)
(8858,1)
(2338,38)
(1034,111)
(3643,4)
(89707,1)
(2339,9)
(6251,2)
(1035,40)
(2340,38)
(21900,1)
(1036,92)
(3644,2)
(4948,4)
(6252,1)
(3645,2)
(16685,1)
(1037,48)
(2341,8)
(19293,1)
(7558,1)
(8862,2)
(3646,8)
(1038,84)
(12774,1)
(6254,2)
(2342,26)
(1039,42)
(2343,9)
(15383,1)
(3647,2)
(2344,43)
(1040,82)
(6256,2)
(3648,3)
(11473,1)
(2345,17)
(1041,44)
(2346,22)
(3650,1)
(1042,95)
(6258,1)
(7562,2)
(27122,1)
(4954,5)
(2347,3)
(6259,1)
(10171,1)
(1043,39)
(7563,1)
(3651,4)
(17996,1)
(2348,40)
(4956,3)
(10172,1)
(139268,1)
(36252,1)
(1044,78)
(12780,1)
(3653,3)
(8869,2)
(1045,47)
(2349,10)
(4957,1)
(16693,1)
(7566,1)
(4958,2)
(10174,1)
(11478,1)
(71462,1)
(2350,35)
(6262,1)
(3654,2)
(1046,98)
(2351,4)
(3655,1)
(1047,43)
(12783,1)
(2352,25)
(10176,1)
(4960,4)
(1048,93)
(21912,1)
(18000,1)
(3656,2)
(7568,1)
(8873,1)
(24521,1)
(423545,1)
(1049,42)
(3657,1)
(4961,1)
(7569,1)
(2353,9)
(6266,1)
(2354,40)
(1050,73)
(15394,1)
(3658,5)
(8874,1)
(2355,7)
(294451,1)
(1051,45)
(15395,1)
(10179,1)
(11483,1)
(3659,1)
(10180,1)
(2356,27)
(3660,2)
(4964,2)
(1052,84)
(6268,1)
(3661,2)
(1053,44)
(4965,2)
(10181,2)
(2357,7)
(6269,1)
(10182,1)
(1054,76)
(7574,1)
(6270,1)
(3662,2)
(4966,3)
(2358,37)
(1055,46)
(2359,4)
(6271,2)
(3663,2)
(4967,1)
(4968,2)
(23224,1)
(1056,76)
(15400,1)
(3664,5)
(2360,23)
(46696,1)
(57128,1)
(20617,1)
(12793,1)
(2361,4)
(4969,1)
(8881,1)
(3665,1)
(1057,49)
(11490,1)
(62346,1)
(6274,2)
(4970,7)
(1058,62)
(7578,1)
(3666,3)
(2362,23)
(2363,9)
(1059,49)
(6275,1)
(4971,1)
(3667,1)
(414427,1)
(14100,2)
(8884,1)
(6276,2)
(1060,86)
(3668,2)
(2364,25)
(4972,1)
(27141,1)
(1061,39)
(2365,9)
(21925,1)
(10189,1)
(8886,1)
(4974,2)
(2366,19)
(3670,4)
(1062,74)
(2367,9)
(4975,1)
(29751,1)
(1063,53)
(19319,1)
(7583,1)
(8887,1)
(3671,2)
(2368,26)
(18016,1)
(7584,1)
(3672,4)
(11496,1)
(4976,1)
(10192,1)
(14104,1)
(1064,81)
(16712,1)
(4977,1)
(6281,1)
(3673,3)
(2369,10)
(1065,43)
(2370,29)
(1066,74)
(6282,2)
(21930,1)
(67570,1)
(3674,5)
(1067,47)
(3675,2)
(11499,1)
(2371,9)
(4979,2)
(2372,32)
(6284,1)
(3676,6)
(1068,91)
(11501,1)
(8893,2)
(3677,1)
(2373,10)
(4981,1)
(1069,49)
(2374,19)
(4982,2)
(1070,88)
(3678,4)
(21934,1)
(16718,1)
(3679,1)
(10199,1)
(2375,7)
(1071,43)
(18023,1)
(6287,1)
(10200,1)
(3680,2)
(2376,26)
(6288,1)
(8896,1)
(1072,73)
(29760,1)
(15417,1)
(2377,3)
(413137,1)
(3681,2)
(1073,38)
(8897,3)
(4985,2)
(7594,1)
(1074,111)
(2378,33)
(6290,1)
(38890,1)
(8898,1)
(197978,1)
(3682,3)
(16722,1)
(1075,47)
(6291,1)
(12811,1)
(2379,6)
(6292,1)
(2380,21)
(15420,1)
(11508,1)
(4988,1)
(8900,1)
(3684,1)
(1076,89)
(108004,1)
(2381,5)
(27157,1)
(10205,1)
(4989,1)
(1077,41)
(7597,1)
(2382,26)
(6294,1)
(414446,1)
(7598,1)
(8902,1)
(14118,1)
(3686,2)
(1078,75)
(45414,1)
(4990,1)
(2383,6)
(1079,38)
(4991,1)
(3687,1)
(6296,1)
(24552,1)
(1080,92)
(2384,23)
(3688,3)
(11512,1)
(7600,3)
(14120,1)
(25856,1)
(18032,1)
(4992,4)
(23248,1)
(4993,2)
(106705,1)
(3689,2)
(2385,8)
(1081,37)
(6298,1)
(8906,1)
(1082,72)
(2386,17)
(14122,1)
(3690,4)
(4994,2)
(2387,5)
(4995,3)
(1083,32)
(6299,1)
(3691,2)
(3692,6)
(1084,86)
(2388,17)
(12820,1)
(151044,1)
(8908,1)
(40204,1)
(6300,2)
(2389,6)
(10213,1)
(3693,3)
(1085,38)
(2390,18)
(1086,98)
(12822,1)
(3694,2)
(7606,1)
(23254,1)
(4998,1)
(2391,8)
(70199,1)
(4999,2)
(3695,1)
(1087,50)
(2392,10)
(3696,5)
(7608,1)
(1088,71)
(21952,1)
(5000,2)
(5001,1)
(132793,1)
(1089,45)
(10217,1)
(2393,7)
(20649,1)
(1090,81)
(3698,3)
(5002,2)
(2394,15)
(3699,1)
(2395,6)
(5003,2)
(1091,33)
(6307,1)
(7612,1)
(1092,85)
(21956,1)
(10220,1)
(2396,14)
(3700,5)
(8916,1)
(5004,2)
(15437,1)
(1093,42)
(2397,12)
(7613,2)
(12829,1)
(3701,1)
(78030,1)
(1094,86)
(3702,4)
(7614,1)
(8918,3)
(18046,1)
(6310,1)
(48038,1)
(10222,1)
(2398,17)
(5006,1)
(2399,4)
(1095,35)
(2400,16)
(6312,2)
(3704,4)
(5008,1)
(15440,1)
(7616,3)
(1096,76)
(8920,1)
(1097,33)
(7617,1)
(2401,3)
(696129,1)
(3705,1)
(64993,1)
(11529,1)
(7618,1)
(1098,78)
(3706,7)
(2402,15)
(5010,1)
(8922,1)
(1099,38)
(7619,1)
(8923,1)
(3707,1)
(6315,1)
(2403,11)
(1100,52)
(2404,7)
(28484,1)
(7620,2)
(6316,1)
(12836,1)
(3708,3)
(1101,31)
(2405,5)
(5014,2)
(3710,4)
(2406,24)
(1102,77)
(28486,1)
(5015,4)
(1103,57)
(2407,4)
(3711,3)
(1104,94)
(10232,1)
(8928,1)
(3712,6)
(5016,1)
(7624,1)
(2408,16)
(7625,1)
(2409,4)
(1105,42)
(3713,2)
(8929,1)
(19362,1)
(74130,1)
(12842,1)
(6322,2)
(2410,5)
(3714,1)
(5018,1)
(8930,1)
(102818,1)
(1106,76)
(1107,38)
(3715,2)
(27187,1)
(2411,7)
(15452,2)
(44140,1)
(2412,12)
(6324,1)
(5020,1)
(7628,1)
(1108,87)
(3716,4)
(5021,1)
(7629,2)
(1109,45)
(12845,1)
(2413,5)
(25885,1)
(75438,1)
(27190,1)
(7630,1)
(6326,3)
(68918,1)
(5022,1)
(15454,1)
(76742,1)
(2414,12)
(3718,5)
(48054,1)
(1110,91)
(20671,1)
(2415,4)
(1111,47)
(8935,1)
(3719,3)
(5024,1)
(2416,11)
(16760,1)
(6328,1)
(1112,88)
(8936,1)
(3720,3)
(23280,1)
(6329,1)
(7633,1)
(3721,3)
(1113,48)
(2417,4)
(5025,1)
(3722,2)
(24586,1)
(16762,1)
(11546,1)
(6330,1)
(5026,2)
(2418,10)
(1114,72)
(2419,2)
(3723,2)
(1115,37)
(36323,1)
(5027,1)
(3724,2)
(1116,75)
(2420,13)
(45452,1)
(6332,1)
(24589,1)
(3725,1)
(71533,1)
(1117,41)
(2421,8)
(5029,3)
(10246,1)
(5030,3)
(8942,2)
(2422,12)
(16766,1)
(7638,2)
(6334,1)
(1118,82)
(3726,5)
(2423,8)
(3727,1)
(1119,47)
(8943,1)
(10247,1)
(5031,1)
(14159,1)
(6336,3)
(2424,8)
(5032,3)
(3728,3)
(1120,76)
(2425,3)
(1121,35)
(5033,1)
(3729,1)
(12857,1)
(54585,1)
(6337,1)
(2426,18)
(42850,1)
(1122,93)
(6338,1)
(8946,1)
(14162,2)
(3730,4)
(5034,2)
(3731,3)
(15467,1)
(8947,2)
(19379,1)
(6339,1)
(2427,6)
(1123,35)
(1124,80)
(41548,2)
(7644,2)
(6340,1)
(2428,9)
(5036,2)
(1125,38)
(2429,6)
(3733,2)
(6342,1)
(19382,1)
(1126,87)
(11558,1)
(8950,1)
(5038,3)
(15470,1)
(3734,3)
(2430,10)
(8951,1)
(2431,11)
(1127,45)
(5039,2)
(76759,1)
(14167,1)
(3735,3)
(33727,1)
(18080,1)
(14168,1)
(11560,1)
(2432,15)
(6344,1)
(1128,79)
(3736,1)
(24600,1)
(5041,1)
(16777,1)
(2433,2)
(3737,3)
(1129,33)
(11562,1)
(3738,4)
(10258,2)
(1130,78)
(2434,5)
(6346,2)
(3739,3)
(6347,1)
(1131,37)
(2435,6)
(7651,1)
(5043,2)
(8955,2)
(5044,1)
(3740,1)
(2436,11)
(15476,1)
(1132,92)
(5045,1)
(6349,2)
(1133,40)
(11565,1)
(2437,2)
(3742,3)
(5046,2)
(6350,1)
(8958,1)
(7654,2)
(11566,1)
(2438,13)
(1134,90)
(12871,1)
(11567,1)
(8959,1)
(1135,38)
(453623,1)
(2440,15)
(6352,1)
(8960,1)
(10264,2)
(414504,1)
(1136,84)
(3744,7)
(5048,2)
(6353,2)
(7657,1)
(3745,3)
(10265,1)
(2441,5)
(27217,1)
(1137,35)
(28521,1)
(3746,3)
(1138,58)
(8962,1)
(7658,2)
(10266,1)
(6354,1)
(2442,9)
(2443,6)
(3747,1)
(8963,1)
(1139,35)
(11571,2)
(5051,1)
(22004,1)
(5052,1)
(1140,74)
(2444,14)
(3748,2)
(2445,11)
(7661,1)
(1141,33)
(3749,4)
(6357,1)
(5053,1)
(11574,1)
(1142,75)
(2446,8)
(5055,1)
(14183,1)
(22007,1)
(7663,1)
(24615,1)
(6359,1)
(121111,1)
(1143,34)
(2447,6)
(22008,1)
(10272,1)
(1144,68)
(3752,6)
(5056,3)
(28528,1)
(6360,1)
(52000,1)
(2448,10)
(8968,1)
(1145,36)
(2449,6)
(5057,2)
(3753,1)
(7666,1)
(1146,73)
(8970,1)
(6362,2)
(3754,3)
(5058,2)
(24618,1)
(22010,1)
(2450,7)
(2451,7)
(3755,1)
(1147,27)
(1148,80)
(8972,2)
(5060,2)
(2452,9)
(14189,1)
(20709,1)
(2453,3)
(1149,34)
(12886,1)
(8974,1)
(3758,4)
(10278,1)
(6366,1)
(7670,1)
(1150,77)
(2454,7)
(2455,5)
(1151,33)
(3759,1)
(144591,1)
(11583,1)
(5063,1)
(2456,11)
(6368,1)
(22016,1)
(1152,64)
(3760,4)
(5064,2)
(2457,6)
(1153,42)
(3761,2)
(7674,1)
(27234,1)
(138074,1)
(16802,1)
(2458,4)
(1154,76)
(3762,6)
(5067,1)
(3763,3)
(1155,41)
(16803,1)
(49403,1)
(12891,1)
(2459,5)
(3764,2)
(19412,1)
(1156,72)
(7676,1)
(2460,7)
(12892,1)
(3765,1)
(1157,45)
(14197,1)
(16805,1)
(2461,7)
(6373,1)
(1158,80)
(3766,5)
(6374,2)
(14198,1)
(2462,8)
(8982,1)
(1159,28)
(8983,1)
(2463,2)
(3767,2)
(7680,1)
(12896,1)
(5072,1)
(3768,4)
(1160,81)
(2464,8)
(6377,1)
(87225,1)
(11593,1)
(7681,1)
(1161,47)
(2465,3)
(3769,1)
(22026,1)
(2466,15)
(6378,1)
(3770,3)
(12898,1)
(7682,1)
(5074,2)
(8986,2)
(1162,74)
(42890,1)
(2467,5)
(1163,35)
(12899,1)
(18116,1)
(10292,1)
(3772,1)
(8988,1)
(6380,1)
(2468,6)
(1164,77)
(12900,1)
(2469,9)
(1165,40)
(3773,1)
(8990,1)
(1166,64)
(18118,1)
(5078,2)
(3774,5)
(2470,8)
(93750,1)
(1167,40)
(10295,1)
(3775,2)
(35071,1)
(2471,6)
(11600,1)
(1168,63)
(5080,2)
(2472,18)
(3776,5)
(7689,1)
(5081,2)
(1169,37)
(2473,7)
(76802,1)
(3778,5)
(5082,2)
(2474,11)
(1170,64)
(6386,4)
(7690,2)
(19426,1)
(59850,1)
(44202,1)
(12907,1)
(8995,1)
(265883,1)
(6387,1)
(1171,32)
(3779,3)
(74195,1)
(2475,3)
(12908,1)
(5084,3)
(3780,6)
(14212,1)
(2476,9)
(66372,1)
(36380,1)
(15516,1)
(1172,63)
(1173,36)
(7693,2)
(2477,4)
(8997,1)
(3781,1)
(6389,1)
(67677,1)
(2478,14)
(1174,90)
(55942,1)
(8998,1)
(38990,1)
(3782,2)
(6390,1)
(11606,1)
(11607,1)
(25951,1)
(1175,27)
(3783,1)
(2479,8)
(20735,1)
(5087,3)
(5088,4)
(1176,78)
(2480,9)
(9000,1)
(6392,2)
(12912,1)
(3784,4)
(1177,29)
(6393,1)
(2481,4)
(3785,2)
(6394,1)
(2482,12)
(1178,70)
(16826,1)
(3786,3)
(1179,41)
(5091,1)
(2483,4)
(7699,2)
(3787,2)
(5092,1)
(2484,8)
(14220,1)
(3788,4)
(10308,2)
(6396,1)
(7700,1)
(1180,87)
(2485,12)
(87245,1)
(3789,1)
(1181,45)
(9005,2)
(3790,1)
(1182,69)
(2486,11)
(2487,3)
(1183,37)
(5095,1)
(3791,3)
(11615,1)
(7703,1)
(2488,18)
(39000,1)
(6400,2)
(1184,77)
(12920,1)
(91161,1)
(18137,1)
(2489,7)
(5097,1)
(1185,31)
(3794,6)
(2490,5)
(16834,1)
(1186,71)
(1187,37)
(2491,7)
(14227,1)
(3795,2)
(10316,2)
(3796,2)
(6404,3)
(2492,14)
(1188,81)
(9012,1)
(12925,1)
(2493,6)
(1189,40)
(5101,1)
(6405,1)
(3798,2)
(7710,1)
(1190,86)
(6406,1)
(12926,1)
(46830,1)
(2494,15)
(18143,1)
(11623,1)
(2495,4)
(3799,3)
(2396639,1)
(1191,41)
(6407,1)
(1192,74)
(14232,1)
(36400,1)
(2496,5)
(361096,1)
(3800,1)
(6408,1)
(3801,2)
(1193,39)
(2497,7)
(6409,1)
(3802,3)
(2498,11)
(61178,1)
(1194,84)
(5106,2)
(40314,1)
(16843,1)
(11627,1)
(1195,32)
(2499,8)
(7716,2)
(18148,1)
(2500,11)
(15540,1)
(12932,2)
(3804,3)
(6412,1)
(20756,1)
(1196,67)
(5108,1)
(3805,1)
(2501,3)
(1197,29)
(15541,1)
(12934,1)
(3806,2)
(5110,2)
(2502,13)
(83350,1)
(1198,56)
(74222,1)
(9022,3)
(3807,2)
(1199,22)
(2503,3)
(6415,2)
(7719,1)
(9023,1)
(1200,68)
(10328,1)
(5112,2)
(2504,9)
(33800,1)
(7720,1)
(3808,2)
(106824,1)
(6416,1)
(2505,3)
(3809,1)
(1201,37)
(9025,2)
(6418,3)
(7722,2)
(5114,1)
(9026,2)
(18154,1)
(23370,1)
(16850,1)
(3810,2)
(1202,68)
(2506,9)
(1203,35)
(2507,8)
(19459,1)
(36411,1)
(9027,1)
(5115,1)
(10331,1)
(7723,1)
(10332,1)
(44236,1)
(5116,2)
(7724,1)
(2508,12)
(1204,70)
(3812,5)
(2509,3)
(1205,38)
(12941,1)
(5117,2)
(3813,2)
(6422,1)
(14246,1)
(7726,1)
(3814,1)
(1206,55)
(5118,2)
(2510,8)
(19462,1)
(9030,1)
(12943,1)
(2511,7)
(6423,1)
(3815,1)
(1207,36)
(7727,1)
(5120,2)
(12944,2)
(1208,71)
(80752,1)
(16856,1)
(6424,1)
(2512,8)
(3816,3)
(75536,1)
(24680,1)
(42936,1)
(7728,1)
(2513,13)
(10337,1)
(1209,42)
(5121,1)
(3817,1)
(14249,1)
(9034,1)
(10338,2)
(6426,1)
(7730,1)
(59890,1)
(2514,9)
(3818,2)
(1210,63)
(1211,36)
(2515,8)
(5124,3)
(20772,1)
(10340,1)
(3820,6)
(1212,53)
(7732,2)
(2516,10)
(6428,1)
(9036,2)
(9037,1)
(14253,1)
(5125,1)
(6429,1)
(1213,37)
(2517,7)
(3821,2)
(1214,67)
(2518,11)
(9038,1)
(3822,1)
(1215,46)
(3823,1)
(2519,4)
(1216,56)
(9040,1)
(2520,3)
(6432,1)
(5128,3)
(16864,1)
(11648,1)
(9041,1)
(1217,35)
(2521,3)
(3825,1)
(6434,2)
(1218,58)
(362426,1)
(2522,10)
(3826,2)
(5130,2)
(15562,1)
(3827,2)
(9043,1)
(6435,1)
(20779,1)
(1219,37)
(2523,9)
(22084,1)
(9044,1)
(2524,18)
(19476,2)
(3828,3)
(1220,51)
(12956,1)
(69028,1)
(5132,2)
(2525,8)
(11653,2)
(15565,1)
(1221,37)
(3829,3)
(16869,1)
(5134,2)
(1222,58)
(9046,1)
(2526,15)
(32518,1)
(3830,8)
(7742,1)
(1223,27)
(58599,1)
(6439,1)
(7743,1)
(2527,3)
(10351,1)
(3831,1)
(2528,12)
(3832,5)
(6440,2)
(1224,60)
(3833,3)
(5137,2)
(1225,31)
(7745,1)
(2529,6)
(6441,1)
(3834,2)
(2530,7)
(18178,1)
(11658,1)
(1226,58)
(7746,1)
(15570,1)
(5139,1)
(1227,26)
(3835,3)
(2531,5)
(23396,1)
(1228,63)
(3836,2)
(5140,1)
(10356,1)
(2532,16)
(15572,1)
(2533,2)
(3837,3)
(1229,30)
(2534,9)
(19486,1)
(5142,2)
(3838,7)
(24702,1)
(1230,62)
(19487,1)
(3839,1)
(5143,2)
(2535,5)
(1231,34)
(3840,2)
(5144,1)
(7752,1)
(15576,1)
(2536,5)
(1232,56)
(3841,4)
(5145,1)
(1233,26)
(2537,3)
(1234,60)
(2538,13)
(9058,1)
(10362,2)
(5146,1)
(3842,3)
(12970,1)
(7755,1)
(6451,1)
(10363,1)
(3843,1)
(1235,34)
(2539,4)
(18188,1)
(3844,2)
(10364,2)
(1236,54)
(6452,2)
(5148,1)
(2540,10)
(5149,2)
(1237,31)
(2541,5)
(15581,1)
(7758,1)
(3846,1)
(2542,10)
(6454,1)
(1238,55)
(61222,1)
(5150,3)
(10367,1)
(7759,1)
(36447,1)
(2543,4)
(1239,27)
(3847,1)
(9063,1)
(10368,1)
(3848,2)
(6456,1)
(2544,6)
(1240,61)
(1241,25)
(12977,1)
(5153,1)
(3849,3)
(2545,4)
(2546,11)
(6458,1)
(3850,3)
(5154,1)
(14282,1)
(1242,57)
(3851,1)
(2547,3)
(1243,40)
(5156,2)
(3852,2)
(7764,1)
(1244,73)
(6460,1)
(2548,11)
(10372,1)
(1245,31)
(2549,2)
(3853,2)
(1246,59)
(2550,9)
(5158,2)
(6462,3)
(3854,3)
(23414,1)
(10375,1)
(6463,1)
(2551,5)
(1247,23)
(10376,1)
(9072,2)
(14288,1)
(3856,6)
(2552,9)
(22112,1)
(1248,68)
(9073,2)
(3857,1)
(6465,1)
(2553,2)
(1249,32)
(7769,1)
(2554,10)
(40370,1)
(3858,3)
(50802,21)
(9074,1)
(74274,1)
(1250,47)
(7771,1)
(2555,3)
(14291,1)
(1251,32)
(14292,1)
(1252,51)
(5164,2)
(3860,6)
(118612,1)
(6468,1)
(2556,6)
(1253,30)
(5165,1)
(12989,1)
(3861,1)
(23421,1)
(2557,7)
(6470,2)
(5166,2)
(16902,1)
(22118,1)
(2558,7)
(1254,54)
(9078,2)
(3862,4)
(3863,4)
(11687,1)
(9079,1)
(413319,1)
(2559,4)
(1255,37)
(9080,1)
(6472,1)
(3864,6)
(5168,1)
(2560,8)
(1256,48)
(6473,1)
(1257,30)
(2561,5)
(3865,2)
(5169,2)
(86018,1)
(28642,1)
(1258,58)
(2562,8)
(5170,1)
(7778,2)
(3866,4)
(9083,1)
(1259,27)
(11691,2)
(63851,1)
(3867,1)
(2563,5)
(1260,56)
(5172,1)
(2564,14)
(6476,2)
(10388,1)
(3868,2)
(2565,6)
(1261,23)
(3869,3)
(87325,1)
(9085,1)
(2566,6)
(1262,64)
(7782,1)
(10390,1)
(3870,4)
(1263,30)
(3871,2)
(6479,1)
(5175,1)
(2567,1)
(5176,5)
(1264,43)
(9088,1)
(3872,5)
(14304,1)
(16912,1)
(2568,14)
(10392,1)
(6481,1)
(5177,2)
(3873,1)
(2569,6)
(1265,22)
(19522,1)
(5178,3)
(7786,1)
(3874,3)
(9090,1)
(2570,9)
(1266,49)
(3875,2)
(2571,3)
(1267,27)
(6483,1)
(5179,1)
(6484,1)
(10396,1)
(1268,51)
(3876,1)
(2572,9)
(2573,5)
(15613,1)
(5181,1)
(3877,4)
(1269,25)
(14309,1)
(1270,65)
(7790,2)
(2574,11)
(18222,1)
(5182,2)
(2575,5)
(5183,1)
(3879,1)
(1271,24)
(2576,7)
(284240,1)
(9096,1)
(1272,65)
(2577,7)
(13009,1)
(3881,5)
(11705,1)
(1273,34)
(2578,6)
(3882,4)
(10402,1)
(5186,3)
(1274,66)
(6490,2)
(31266,1)
(83426,1)
(3883,1)
(19531,1)
(1275,29)
(11707,1)
(37787,1)
(2579,3)
(5187,1)
(5188,2)
(3884,4)
(6492,1)
(2580,16)
(9100,1)
(10404,1)
(24748,1)
(1276,56)
(361181,1)
(1277,30)
(2581,1)
(3885,4)
(7797,1)
(23445,1)
(18229,1)
(6493,1)
(5189,1)
(14318,1)
(1278,59)
(2582,8)
(10406,1)
(3886,3)
(5190,3)
(324671,1)
(3887,2)
(1279,41)
(2583,13)
(7800,2)
(2584,7)
(16928,1)
(13016,1)
(1280,50)
(3888,2)
(5192,3)
(3889,3)
(5193,1)
(2585,2)
(1281,31)
(1282,57)
(2586,9)
(3890,4)
(6498,1)
(5194,3)
(7802,1)
(6499,1)
(1283,20)
(2587,6)
(5195,1)
(20843,1)
(3891,1)
(3892,4)
(1284,64)
(5196,1)
(7804,3)
(2588,8)
(35188,1)
(3893,1)
(1285,27)
(2589,2)
(11718,1)
(1286,59)
(3894,1)
(2590,4)
(1287,21)
(6503,1)
(3895,3)
(5199,1)
(9111,1)
(2591,6)
(2592,4)
(5200,1)
(20848,1)
(1288,58)
(67792,1)
(209928,1)
(7808,2)
(23456,1)
(3896,2)
(2593,3)
(7809,1)
(10417,1)
(5201,1)
(1289,22)
(174721,1)
(2594,8)
(5202,1)
(7810,3)
(1290,45)
(3899,1)
(2595,6)
(1291,24)
(9115,1)
(11724,1)
(2596,9)
(1292,60)
(7812,3)
(13028,1)
(3900,5)
(35197,1)
(2597,3)
(5205,1)
(1293,27)
(2598,8)
(28678,1)
(41718,1)
(3902,2)
(1294,43)
(6510,1)
(9119,1)
(3903,1)
(20855,5)
(1295,18)
(2599,5)
(41720,1)
(6512,2)
(7816,1)
(3904,4)
(1296,66)
(20856,2)
(5208,3)
(9120,1)
(2600,10)
(9121,1)
(1297,34)
(2601,4)
(1298,54)
(41722,1)
(7818,1)
(3906,2)
(13034,1)
(6514,3)
(14338,1)
(2602,6)
(28682,1)
(146042,1)
(9123,1)
(5211,1)
(2603,3)
(10427,1)
(3907,2)
(1299,23)
(16947,1)
(14340,1)
(3908,1)
(1300,42)
(10428,1)
(5212,2)
(2604,12)
(9124,2)
(7820,2)
(6516,1)
(20861,1)
(1301,24)
(3909,2)
(2605,6)
(5214,1)
(1302,45)
(7822,1)
(2606,9)
(3910,3)
(3911,1)
(22167,1)
(2607,5)
(1303,29)
