(04 2009,4)
(04 2010,3369)
(04 2011,84908)
(04 2012,224561)
(04 2013,1454868)
(04 2014,2618841)
(04 2015,3875313)
(04 2016,6839378)
(09 2010,7710)
(09 2011,270778)
(09 2012,643062)
(09 2013,1145892)
(09 2014,2977274)
(09 2015,4926058)
(09 2016,7890375)
(02 2009,6)
(12 2009,16)
(02 2010,41)
(12 2010,15076)
(02 2011,51763)
(12 2011,162666)
(02 2012,197333)
(12 2012,664041)
(02 2013,820413)
(02 2014,2380001)
(12 2013,2467583)
(12 2014,3672156)
(02 2015,3488825)
(12 2015,7092635)
(02 2016,7657777)
(02 2017,9858708)
(12 2016,10607555)
(07 2009,3)
(07 2010,17225)
(07 2011,482355)
(07 2012,642373)
(07 2013,1059487)
(07 2014,2750235)
(07 2015,5008360)
(07 2016,6926236)
(10 2009,5)
(10 2010,9455)
(10 2011,201697)
(10 2012,683143)
(10 2013,1415610)
(10 2014,3275393)
(10 2015,5075805)
(10 2016,8986806)
(05 2009,7)
(05 2010,229)
(05 2011,181620)
(05 2012,450802)
(05 2013,1159066)
(05 2014,2526201)
(05 2015,4057838)
(05 2016,6634880)
(03 2010,40)
(03 2011,80665)
(03 2012,200739)
(03 2013,1002915)
(03 2014,2852447)
(03 2015,3854791)
(03 2016,6863032)
(03 2017,11165455)
(08 2009,1)
(08 2010,5907)
(08 2011,377808)
(08 2012,798075)
(08 2013,1429552)
(08 2014,2954603)
(08 2015,4600072)
(08 2016,7582311)
(01 2009,2)
(11 2009,5)
(01 2010,13)
(01 2011,28742)
(11 2010,13754)
(11 2011,187004)
(01 2012,184565)
(01 2013,840880)
(11 2012,604400)
(11 2013,2316940)
(01 2014,2139798)
(11 2014,3322347)
(01 2015,3786217)
(01 2016,7267888)
(11 2015,5823268)
(11 2016,9898774)
(01 2017,10358170)
(06 2009,2)
(06 2010,660)
(06 2011,423867)
(06 2012,616343)
(06 2013,977999)
(06 2014,2590213)
(06 2015,4523486)
(06 2016,7258413)
