(09 2010,1087)
(09 2011,37106)
(09 2012,103280)
(09 2013,184554)
(07 2010,2164)
(09 2014,475088)
(09 2015,745780)
(07 2011,67445)
(07 2012,94430)
(09 2016,1097564)
(07 2013,162066)
(07 2014,443684)
(05 2010,33)
(05 2011,26123)
(07 2015,732240)
(07 2016,1070189)
(05 2012,78574)
(05 2013,206353)
(05 2014,408486)
(03 2010,13)
(03 2011,11353)
(05 2015,627632)
(03 2012,31010)
(05 2016,997686)
(03 2013,179475)
(01 2010,4)
(03 2014,437967)
(01 2011,3745)
(03 2015,563472)
(11 2010,2707)
(11 2011,25646)
(03 2016,1004929)
(01 2012,29380)
(01 2013,148592)
(11 2012,90504)
(03 2017,1473544)
(11 2013,366369)
(01 2014,351069)
(11 2014,466862)
(01 2015,636974)
(01 2016,1101311)
(11 2015,951636)
(11 2016,1487035)
(01 2017,1467216)
(06 2009,1)
(04 2009,1)
(02 2009,1)
(12 2009,2)
(10 2009,3)
(08 2010,884)
(08 2011,50882)
(08 2012,131333)
(08 2013,249534)
(08 2014,436057)
(06 2010,103)
(08 2015,643012)
(06 2011,65146)
(08 2016,1033634)
(06 2012,107663)
(06 2013,154458)
(06 2014,417530)
(04 2010,64)
(04 2011,13052)
(06 2015,711939)
(04 2012,33722)
(06 2016,960481)
(04 2013,235091)
(02 2010,10)
(04 2014,405172)
(12 2010,2206)
(04 2015,556304)
(02 2011,7222)
(12 2011,23989)
(04 2016,1041044)
(02 2012,30033)
(04 2017,531713)
(12 2012,120778)
(02 2013,140494)
(02 2014,389937)
(12 2013,391618)
(12 2014,601297)
(02 2015,546885)
(10 2010,1487)
(12 2015,1096603)
(10 2011,32844)
(02 2016,1168387)
(02 2017,1528009)
(12 2016,1453841)
(10 2012,95643)
(10 2013,215399)
(10 2014,462977)
(10 2015,786543)
(10 2016,1255644)
(09 2009,1)
(05 2009,1)
(01 2009,1)
